42
102
167
241
315
386
457
530
608
684
759
827
893
956
1015
1072
1130
1193
1266
1358
1456
1546
1625
1701
1780
1857
1935
2003
2067
2127
2187
2247
2321
2404
2490
2574
2652
2726
2791
2852
2913
2976
3043
3120
3197
3277
3351
3420
3482
3541
3600
3660
3744
3787
3856
3935
4016
4106
4193
4276
4352
4416
4479
4543
4616
4700
4779
4855
4933
5010
5078
5140
5203
5267
5331
5394
5455
5517
5580
5643
5706
5768
5828
5891
5964
6047
6133
6215
6284
6348
6411
6478
6547
6623
6696
6761
6826
6893
6965
7038
7109
7177
7243
7303
7361
7420
7484
7567
7653
7733
7805
7878
7954
8023
8094
8160
8222
8283
8347
8417
8494
8571
8648
8716
8779
8840
8902
8972
9055
9141
9223
9293
9357
9421
9485
9550
9616
9680
9740
9800
9858
9916
9973
10026
10085
10142
10198
10254
10310
10375
10458
10545
10627
10703
10767
10829
10893
10959
11027
11091
11151
11212
11274
11343
11418
11489
11554
11618
11685
11757
11832
11900
11967
12032
12105
12169
12233
12298
12373
12453
12529
12600
12664
12723
12781
12839
12905
12994
13085
13176
13257
13327
13392
13457
13525
13604
13683
13759
13829
13892
13952
14006
14066
14143
14234
14325
14412
14490
14556
14622
14690
14762
14839
14914
14984
15045
15105
15166
15232
15322
15410
15494
15567
15633
15699
15766
15835
15901
15963
16019
16078
16141
16215
16295
16376
16450
16515
16576
16639
16706
16778
16852
16925
16953
17019
17080
17141
17206
17280
17360
17433
17500
17567
17636
17706
17777
17841
17902
17961
