74
130
183
237
289
342
397
453
510
570
629
687
744
800
854
907
960
1012
1066
1120
1180
1244
1306
1364
1421
1479
1536
1593
1647
1702
1757
1811
1866
1922
1977
2031
2084
2137
2190
2247
2309
2376
2444
2507
2567
2623
2679
2734
2788
2841
2893
2944
2946
2997
3054
3142
3180
3220
3277
3346
3384
3486
3538
3641
3695
3747
3803
3861
3924
3985
4037
4289
4583
4614
4705
4961
4962
5007
5148
5229
5351
5396
5602
5666
5745
5811
5966
6025
6096
6169
6260
6341
6377
6460
6726
6886
6947
7006
7062
7135
7252
7346
7393
7438
7486
7552
7661
7756
7851
8014
8091
8192
8286
8405
8463
8521
8578
8632
8687
8742
8798
8856
8914
8970
8983
9039
9096
9151
9207
9263
9320
9375
9429
9482
9537
9593
9650
9708
9767
9823
9878
9935
