2407
2299
2194
2079
1962
1874
1791
1709
1646
1619
1610
1628
1655
1723
1789
1883
1955
2069
2171
2265
2345
2412
2457
2492
2494
2487
2457
2423
2365
2319
2277
2219
2171
2165
2169
2224
2297
2427
2603
2803
3019
3275
3509
3698
3805
3813
3753
3607
3419
3243
3053
2871
2687
2539
2411
2281
2168
2093
2047
2031
2023
2053
2085
2127
2150
2207
2259
2295
2317
2329
2328
2309
2267
2223
2168
2117
2028
1967
1897
1820
1738
1687
1675
1701
1772
1901
2094
2315
2569
2848
3153
3467
3743
3961
4095
4095
4079
3955
3747
3515
3263
3047
2845
2637
2444
2287
2139
2023
1919
1843
1819
1820
1820
1863
1907
1965
2005
2040
2077
2090
2067
2055
2017
1974
1900
1861
1803
1743
1685
1661
1668
1671
1711
1812
1949
2137
2365
2651
2957
3315
3658
3993
4095
4095
4095
4072
3801
3507
3209
2941
2693
2442
2218
2041
1907
1812
1745
1753
1779
1853
1959
2091
2219
2348
2469
2579
2669
2717
2747
2759
2731
2679
2602
2530
2419
2309
2185
2075
1982
1911
1863
1879
1944
2069
2261
2507
2759
3044
3333
3591
3767
3831
3749
3567
3320
3035
2776
2519
2253
2003
1765
1565
1403
1277
1190
1161
1183
1225
1315
1451
1584
1719
1833
1963
2065
2137
2181
2207
2197
2158
2106
2057
1972
1890
1782
1703
1643
1573
1519
1541
1573
1675
1846
2075
2352
2665
3007
3387
3791
4095
4095
4095
4095
3964
3647
3337
3015
2719
2427
2171
1937
1720
1528
1415
1332
1303
1279
1317
1365
1420
1483
1546
1613
1671
1695
1735
1752
1743
1735
1707
1677
1627
1567
1532
1492
1459
1446
1455
1463
1511
1607
1767
1983
2265
2607
2997
3487
4052
4095
4095
4095
4095
4095
4095
4095
4095
4095
3901
3419
2997
2643
2361
2101
1883
1709
1613
1548
1517
1524
1575
1673
1759
1864
1979
2085
2155
2207
2236
2229
2212
2167
2134
2087
2029
1959
1907
1847
1784
1759
1786
1864
1999
2199
2454
2758
3091
3475
3827
4095
4095
4095
4095
4019
3729
3391
3095
2812
2568
2311
2111
1931
1771
1655
1583
1543
1543
1559
1629
1708
1789
1877
1962
2038
2095
2119
2135
2124
2085
2007
1917
1823
1704
1561
1431
1303
1182
1080
1012
985
997
1069
1210
1423
1683
1972
2274
2570
2815
3025
3177
3239
3209
3103
2973
2805
2619
2394
2204
1999
1811
1641
1523
1433
1387
1383
1415
1485
1563
1637
1701
1757
1801
1817
1817
1800
1755
1679
1605
1513
1403
1275
1161
1051
942
851
774
732
700
700
765
883
1043
1276
1589
1943
2312
2677
3021
3347
3595
3743
3749
3625
3401
3133
2877
2621
2351
2105
1892
1689
1527
1381
1315
1275
1279
1323
1396
1495
1589
1705
1813
1895
1957
1991
2008
2019
1992
1951
1913
1844
1768
1707
1655
1591
1527
1467
1450
1443
1463
1497
1594
1725
1926
2173
2489
2843
3272
3814
4095
4095
4095
4095
4095
4095
4095
4095
4095
3550
3101
2720
2415
2153
1913
1705
1576
1468
1423
1448
1517
1609
1725
1846
1983
2107
2217
2285
2341
2355
2341
2313
2271
2191
2127
2045
1983
1933
1877
1830
1799
1755
1711
1674
1647
1637
1627
1631
1689
1804
1981
2229
2569
2969
3501
4095
4095
4095
4095
4095
4095
4095
4095
4095
4095
4095
4095
3914
3357
2921
2569
2260
2019
1831
1691
1589
1572
1583
1621
1699
1804
1897
1999
2072
2143
2187
2189
2151
2117
2035
1933
1819
1717
1619
1507
1400
1335
1274
1221
1175
1145
1135
1117
1126
1159
1189
1222
1254
1295
1379
1487
1630
1875
2172
2547
2987
3549
4095
4095
4095
4095
4095
4095
4095
4095
4095
4095
3911
3368
2915
2539
2197
1901
1645
1436
1264
1177
1136
1148
1212
1321
1433
1544
1645
1747
1836
1891
1910
1919
1901
1863
1809
1747
1671
1591
1491
1405
1333
1260
1192
1151
1119
1097
1100
1133
1165
1183
1195
1227
1247
1255
1256
1255
1259
1239
1206
1199
1173
1159
1151
1191
1293
1470
1734
2067
2439
2835
3286
3765
4095
4095
4095
4095
4095
3879
3463
3081
2735
2431
2151
1911
1683
1470
1289
1181
1113
1083
1069
1079
1081
1107
1117
1165
1197
1237
1253
1287
1310
1315
1305
1307
1299
1269
1241
1206
1149
1110
1048
1005
986
958
935
937
940
965
979
1021
1055
1099
1127
1183
1223
1233
1240
1253
1255
1242
1259
1307
1391
1547
1748
2021
2347
2697
3094
3512
3939
4095
4095
4095
4095
3916
3503
3119
2758
2425
2093
1813
1545
1297
1109
959
872
809
799
831
911
1003
1112
1261
1415
1555
1701
1827
1925
1989
2021
2031
2035
1997
1940
1886
1805
1705
1608
1525
1428
1334
1239
1171
1119
1074
1034
1003
983
960
954
953
973
1002
1015
1065
1139
1235
1364
1555
1803
2087
2412
2771
3147
3535
3925
4095
4095
4095
3849
3531
3175
2825
2507
2211
1913
1631
1365
1159
993
869
779
743
743
775
843
948
1053
1151
1243
1335
1405
1439
1444
1453
1440
1406
1365
1323
1284
1243
1197
1163
1123
1095
1061
1053
1043
1020
1039
1043
1045
1059
1048
1071
1079
1081
1125
1199
1333
1525
1769
2057
2356
2650
2914
3144
3303
3359
3298
3155
2957
2709
2445
2181
1901
1625
1371
1165
997
883
797
765
780
832
909
1021
1148
1278
1415
1540
1645
1715
1763
1783
1767
1733
1663
1597
1518
1437
1357
1272
1223
1139
1063
1005
953
909
879
857
839
827
821
831
883
937
1041
1191
1403
1679
2009
2340
2669
2976
3257
3455
3562
3549
3399
3193
2935
2663
2383
2119
1833
1574
1319
1101
939
800
709
671
681
713
793
915
1041
1163
1291
1399
1507
1573
1597
1627
1618
1577
1528
1483
1408
1359
1285
1209
1160
1108
1053
1016
966
932
903
907
931
985
1095
1260
1507
1821
2173
2565
2975
3443
3958
4095
4095
4095
4095
4095
4095
3781
3357
2991
2663
2362
2076
1847
1623
1435
1288
1193
1160
1158
1187
1269
1375
1493
1614
1717
1804
1865
1891
1903
1901
1863
1799
1726
1655
1567
1467
1388
1298
1221
1129
1071
1032
987
942
943
943
979
1078
1253
1527
1865
2264
2713
3213
3795
4095
4095
4095
4095
4095
4095
4095
4095
3711
3245
2843
2494
2151
1855
1581
1339
1144
1013
921
875
877
916
999
1100
1199
1322
1436
1514
1595
1641
1651
1641
1593
1547
1491
1417
1331
1277
1214
1151
1112
1094
1055
1051
1031
1035
1049
1059
1072
1135
1241
1417
1679
2023
2441
2931
3599
4095
4095
4095
4095
4095
4095
4095
4095
4095
4095
4095
4095
4095
4095
3974
3277
2773
2349
1980
1671
1448
1277
1183
1131
1147
1194
1262
1352
1439
1515
1575
1623
1641
1641
1619
1565
1513
1449
1372
1289
1227
1150
1101
1065
1050
1017
1014
997
1004
1008
1004
1006
1034
1035
1063
1079
1126
1205
1319
1511
1799
2164
2601
3123
3795
4095
4095
4095
4095
4095
4095
4095
4095
4095
4095
4095
4095
3975
3319
2815
2423
2055
1715
1432
1235
1079
998
957
1001
1071
1165
1285
1398
1500
1583
1647
1685
1707
1695
1652
1619
1545
1461
1374
1319
1238
1191
1133
1112
1092
1071
1061
1053
1048
1031
1021
1021
1044
1031
1043
1055
1080
1083
1101
1123
1135
1143
1162
1179
1188
1195
1205
1211
1221
1225
1209
1208
1223
1223
1222
1233
1231
1229
1224
1225
1237
1241
1228
1235
1237
1231
1227
1234
1257
1253
1251
1273
1319
1373
1495
1707
1983
2377
2855
3485
4095
4095
4095
4095
4095
4095
4095
4095
4095
4095
4095
4095
4095
4095
4095
4095
4095
3641
3063
2645
2313
2025
1819
1693
1613
1593
1605
1661
1742
1818
1895
1965
1991
1995
1967
1932
1867
1785
1686
1583
1481
1371
1245
1164
1065
1001
949
917
892
892
891
919
965
1004
1039
1101
1164
1207
1271
1333
1389
1429
1451
1500
1532
1555
1565
1597
1605
1597
1604
1613
1607
1607
1579
1566
1561
1555
1567
1635
1763
1959
2265
2670
3199
3997
4095
4095
4095
4095
4095
4095
4095
4095
4095
4095
4095
4095
4095
4095
4095
4095
4095
4095
4095
4095
4095
3404
2937
2607
2345
2167
2063
1995
1974
1991
2015
2055
2071
2090
2085
2057
1994
1929
1851
1763
1661
1593
1509
1431
1368
1337
1302
1271
1242
1233
1239
1240
1245
1286
1311
1339
1379
1417
1437
1463
1468
1484
1508
1527
1531
1553
1577
1566
1576
1589
1605
1621
1639
1663
1695
1700
1691
1705
1711
1766
1879
2083
2365
2733
3258
4039
4095
4095
4095
4095
4095
4095
4095
4095
4095
4095
4095
4095
4095
4095
4095
4095
4095
4095
4095
4095
3545
2973
2541
2219
1971
1811
1701
1675
1683
1719
1779
1864
1912
1949
1949
1944
1912
1848
1756
1663
1560
1451
1354
1287
1207
1128
1063
1017
995
975
974
993
1019
1047
1088
1131
1165
1189
1207
1225
1247
1247
1255
1275
1275
1266
1268
1270
1269
1287
1275
1279
1291
1287
1289
1275
1273
1261
1250
1266
1301
1401
1575
1869
2265
2749
3415
4095
4095
4095
4095
4095
4095
4095
4095
4095
4095
4095
4095
4095
4095
4095
4095
4095
4095
3882
3179
2703
2331
2017
1772
1613
1496
1443
1445
1491
1559
1639
1705
1783
1837
1865
1843
1811
1741
1642
1542
1454
1355
1241
1132
1033
935
845
773
731
695
690
687
711
745
794
831
889
953
1019
1063
1119
1171
1190
1209
1243
1269
1300
1356
1467
1673
1961
2357
2851
3545
4095
4095
4095
4095
4095
4095
4095
4095
4095
4095
4095
4095
4095
4095
4095
4095
4095
4095
3348
2775
2325
1925
1635
1419
1288
1223
1244
1301
1385
1491
1598
1695
1765
1805
1827
1807
1757
1679
1597
1501
1375
1252
1141
1045
942
851
799
746
723
723
734
746
777
788
823
857
885
907
926
943
982
1020
1128
1312
1597
1977
2453
3039
3879
4095
4095
4095
4095
4095
4095
4095
4095
4095
4095
4095
4095
4095
4095
4095
3309
2695
2207
1785
1429
1147
973
890
873
910
991
1126
1259
1405
1573
1701
1800
1845
1883
1868
1828
1743
1656
1557
1444
1328
1251
1151
1096
1035
999
1000
988
994
1001
1017
1044
1051
1069
1077
1071
1047
1065
1083
1145
1308
1549
1878
2298
2807
3439
4095
4095
4095
4095
4095
4095
4095
4095
4095
4095
4095
3951
3191
2633
2146
1719
1373
1071
838
711
634
618
681
791
931
1101
1273
1436
1596
1707
1779
1816
1807
1756
1688
1596
1471
1350
1204
1085
980
867
759
692
633
604
587
594
601
621
637
666
725
767
831
923
1055
1263
1559
1940
2387
2910
3611
4095
4095
4095
4095
4095
4095
4095
4095
4095
4095
3783
3030
2479
1967
1512
1093
781
556
393
314
333
403
537
717
951
1222
1509
1769
2013
2213
2349
2423
2451
2419
2326
2191
2039
1869
1683
1481
1317
1147
1012
886
794
697
622
558
523
505
497
501
537
607
717
887
1148
1523
1979
2507
3119
3962
4095
4095
4095
4095
4095
4095
4095
4095
4095
4095
4095
4095
4095
3789
3087
2552
2095
1701
1407
1188
1050
995
999
1059
1143
1255
1381
1497
1589
1647
1709
1738
1737
1705
1671
1629
1574
1503
1455
1418
1369
1333
1316
1287
1257
1226
1210
1210
1223
1237
1288
1353
1459
1633
1867
2189
2587
3087
3787
4095
4095
4095
4095
4095
4095
4095
4095
4095
4095
4095
4095
3763
2991
2401
1891
1421
1035
723
547
437
437
506
648
816
1003
1192
1373
1525
1641
1727
1780
1789
1763
1694
1611
1528
1433
1325
1250
1159
1077
1012
968
937
911
887
873
887
882
909
971
1082
1247
1509
1866
2287
2782
3406
4095
4095
4095
4095
4095
4095
4095
4095
4095
4095
4095
3343
2725
2231
1759
1349
1039
811
665
613
639
723
851
1001
1208
1423
1631
1815
1990
2105
2185
2206
2191
2139
2056
1926
1806
1699
1597
1507
1462
1437
1427
1405
1427
1421
1426
1421
1452
1499
1557
1651
1822
2053
2350
2734
3221
3887
4095
4095
4095
4095
4095
4095
4095
4095
4095
4095
4095
3501
2840
2274
1788
1363
1001
730
569
487
485
581
739
917
1125
1338
1551
1719
1850
1935
1988
1983
1955
1887
1816
1711
1603
1467
1362
1241
1125
1007
927
845
781
729
717
711
731
765
851
984
1193
1497
1894
2377
2903
3579
4095
4095
4095
4095
4095
4095
4095
4095
4095
3895
3183
2617
2140
1685
1253
894
647
482
389
378
469
597
775
966
1180
1374
1565
1710
1835
1925
1974
1968
1949
1892
1815
1717
1639
1529
1443
1336
1263
1206
1159
1102
1092
1092
1101
1116
1171
1235
1319
1456
1685
1997
2383
2843
3437
4095
4095
4095
4095
4095
4095
4095
4095
4095
4095
3837
3150
2612
2127
1687
1315
1021
809
669
617
654
756
905
1105
1311
1515
1711
1879
1999
2073
2088
2057
1972
1827
1623
1415
1183
951
759
613
491
420
340
296
293
300
327
373
432
509
604
761
955
1244
1594
2043
2569
3156
3943
4095
4095
4095
4095
4095
4095
4095
4095
4095
4095
3419
2796
2331
1885
1499
1179
959
813
751
743
812
914
1048
1173
1326
1449
1563
1659
1743
1789
1815
1800
1768
1720
1637
1532
1449
1363
1287
1210
1179
1159
1132
1126
1113
1117
1115
1081
1095
1111
1151
1273
1483
1791
2203
2706
3363
4095
4095
4095
4095
4095
4095
4095
4095
4095
4095
4095
4095
4095
4095
3561
2922
2415
1979
1631
1396
1240
1197
1215
1311
1469
1643
1823
2007
2165
2283
2359
2407
2409
2373
2299
2223
2143
2057
1958
1897
1829
1765
1709
1683
1627
1581
1517
1471
1437
1416
1401
1444
1545
1695
1944
2278
2702
3243
4020
4095
4095
4095
4095
4095
4095
4095
4095
4095
4095
4095
4095
4095
3883
3064
2460
1981
1583
1269
1068
983
979
1032
1129
1278
1469
1634
1797
1943
2035
2071
2070
2025
1945
1839
1711
1591
1481
1364
1238
1157
1067
991
933
908
879
869
867
901
935
1002
1074
1193
1365
1624
1979
2408
2918
3573
4095
4095
4095
4095
4095
4095
4095
4095
4095
4095
4029
3159
2495
1947
1423
971
606
359
201
125
163
272
444
660
882
1123
1342
1525
1651
1737
1764
1743
1679
1611
1497
1381
1245
1141
1055
983
926
911
901
887
889
894
894
907
907
925
983
1061
1213
1460
1797
2199
2675
3219
3897
4095
4095
4095
4095
4095
4095
4095
3963
3279
2709
2227
1751
1307
927
653
466
357
314
355
460
605
791
1015
1229
1437
1615
1755
1865
1915
1928
1897
1823
1721
1589
1463
1322
1192
1072
995
923
875
813
795
777
757
750
788
825
895
1023
1225
1527
1926
2383
2903
3563
4095
4095
4095
4095
4095
4095
4095
4095
4095
3797
3142
2605
2131
1675
1289
959
702
541
475
503
587
743
939
1157
1382
1582
1764
1877
1959
1975
1965
1930
1850
1749
1631
1511
1369
1230
1125
1017
936
872
851
851
853
867
915
972
1066
1235
1493
1839
2284
2836
3571
4095
4095
4095
4095
4095
4095
4095
4095
4095
4095
4095
4095
4095
4095
4095
3208
2579
2056
1615
1297
1059
947
891
934
1021
1141
1271
1428
1555
1638
1705
1745
1725
1690
1610
1543
1443
1331
1202
1112
1019
936
883
853
813
807
798
842
895
983
1119
1369
1717
2167
2732
3469
4095
4095
4095
4095
4095
4095
4095
4095
4095
4095
4095
4095
4095
4013
3093
2469
1927
1433
1032
741
535
419
380
423
508
649
797
971
1147
1311
1431
1528
1583
1583
1556
1501
1421
1315
1197
1107
1013
922
824
775
709
669
632
631
637
655
664
713
775
861
997
1229
1575
2065
2665
3451
4095
4095
4095
4095
4095
4095
4095
4095
4095
4095
4095
4095
4095
4095
4095
4095
4021
3064
2411
1897
1449
1079
838
701
650
680
743
879
1032
1188
1323
1436
1511
1523
1515
1479
1397
1305
1203
1103
1017
935
845
791
745
715
699
716
738
755
775
815
858
895
916
955
994
1041
1099
1145
1179
1203
1211
1225
1253
1308
1419
1651
1992
2461
3069
4015
4095
4095
4095
4095
4095
4095
4095
4095
4095
4095
4095
4095
4095
4095
4095
4095
3414
2695
2095
1619
1207
915
718
647
639
711
819
981
1145
1301
1427
1529
1609
1613
1593
1555
1470
1386
1289
1199
1115
1035
957
909
867
823
775
794
799
804
816
841
875
916
947
991
1023
1053
1078
1113
1130
1166
1176
1206
1236
1255
1252
1257
1235
1207
1175
1159
1129
1141
1183
1325
1589
1957
2457
3093
4059
4095
4095
4095
4095
4095
4095
4095
4095
4095
4095
4095
4095
4095
4095
4095
4095
3303
2639
2132
1705
1355
1097
970
921
949
1022
1143
1293
1440
1570
1709
1812
1875
1881
1849
1773
1669
1524
1387
1243
1101
981
873
793
717
652
621
595
599
605
661
687
733
786
851
913
967
1017
1075
1144
1197
1257
1321
1353
1383
1396
1407
1427
1431
1490
1626
1839
2185
2647
3288
4095
4095
4095
4095
4095
4095
4095
4095
4095
4095
4095
4095
4095
4095
4095
4095
4095
4095
3517
2811
2288
1847
1511
1277
1135
1087
1097
1171
1305
1433
1557
1682
1771
1814
1822
1812
1741
1642
1501
1381
1256
1135
1007
927
847
789
744
741
729
733
739
767
829
887
947
1041
1128
1197
1275
1356
1395
1431
1440
1445
1449
1437
1416
1419
1439
1529
1708
2020
2428
2967
3793
4095
4095
4095
4095
4095
4095
4095
4095
4095
4095
4095
4095
4095
4095
4095
4095
3135
2479
1931
1464
1116
860
703
638
659
751
885
1045
1215
1389
1532
1654
1736
1757
1742
1687
1589
1480
1351
1198
1081
957
855
775
724
683
661
650
664
704
745
793
853
928
987
1055
1143
1197
1257
1267
1286
1298
1295
1292
1331
1401
1531
1771
2125
2579
3163
4057
4095
4095
4095
4095
4095
4095
4095
4095
4095
4095
4095
4095
4095
4095
4095
3176
2567
2059
1595
1223
979
810
735
733
811
941
1112
1298
1495
1671
1803
1895
1945
1955
1911
1833
1740
1623
1480
1333
1199
1087
981
884
841
788
775
759
793
837
886
931
990
1052
1100
1143
1207
1263
1319
1358
1404
1463
1549
1688
1939
2279
2739
3391
4095
4095
4095
4095
4095
4095
4095
4095
4095
4095
4095
4095
4095
4095
4095
4095
4095
4095
3283
2597
2092
1658
1311
1103
1006
995
1065
1189
1357
1560
1741
1893
2023
2109
2151
2157
2138
2085
2013
1933
1843
1755
1653
1549
1469
1389
1336
1299
1274
1273
1277
1297
1352
1403
1465
1519
1594
1651
1701
1749
1815
1881
1978
2125
2377
2717
3223
4053
4095
4095
4095
4095
4095
4095
4095
4095
4095
4095
4095
4095
4095
4095
4095
4095
4095
4095
4095
4095
4095
3656
3000
2540
2233
2009
1871
1815
1827
1883
1979
2089
2213
2312
2373
2399
2397
2360
2297
2205
2099
1970
1827
1668
1533
1431
1356
1299
1267
1241
1240
1237
1245
1259
1263
1273
1299
1327
1369
1404
1438
1507
1597
1767
2035
2409
2907
3660
4095
4095
4095
4095
4095
4095
4095
4095
4095
4095
4095
4095
4095
4095
4095
4095
4095
4095
4095
3471
2793
2283
1880
1565
1363
1272
1256
1301
1427
1561
1711
1867
2011
2119
2183
2228
2233
2229
2182
2088
1995
1885
1767
1640
1533
1422
1311
1223
1159
1128
1093
1063
1063
1061
1062
1064
1081
1111
1141
1231
1395
1676
2057
2567
3229
4095
4095
4095
4095
4095
4095
4095
4095
4095
4095
4095
4095
4095
4095
4095
4095
4095
4095
3775
2904
2309
1781
1339
1036
829
731
727
787
907
1079
1269
1471
1653
1803
1899
1963
1980
1943
1877
1775
1655
1517
1353
1198
1063
923
793
702
639
610
565
555
543
540
524
533
543
552
565
629
741
931
1247
1701
2265
2921
3911
4095
4095
4095
4095
4095
4095
4095
4095
4095
4095
4095
4095
4095
4095
3899
2951
2303
1709
1193
791
534
357
283
284
365
509
677
861
1065
1244
1399
1532
1651
1709
1739
1699
1644
1556
1433
1289
1172
1029
888
777
687
603
531
443
408
402
405
425
463
503
555
616
732
893
1161
1526
2022
2617
3359
4095
4095
4095
4095
4095
4095
4095
4095
4095
4095
4095
4095
4095
4095
4095
3859
2932
2303
1738
1250
844
588
439
381
395
505
647
821
1004
1177
1331
1447
1513
1579
1621
1635
1624
1604
1555
1479
1385
1307
1209
1132
1071
1035
1021
1015
1007
1021
1031
1019
1021
1039
1053
1112
1231
1435
1751
2167
2671
3295
4095
4095
4095
4095
4095
4095
4095
4095
4095
4095
4095
4095
4095
4095
3125
2501
1949
1467
1056
786
607
524
504
585
703
859
1035
1236
1427
1611
1753
1877
1957
1976
1942
1884
1785
1655
1511
1399
1271
1167
1084
1035
995
969
932
923
896
887
879
907
951
1039
1160
1375
1677
2075
2551
3160
4061
4095
4095
4095
4095
4095
4095
4095
4095
4095
4095
4095
4095
4095
4095
3641
2837
2237
1693
1252
923
709
567
553
621
756
953
1189
1429
1662
1863
2020
2131
2183
2170
2127
2031
1909
1764
1647
1525
1398
1287
1183
1095
1006
923
889
862
859
879
931
1012
1131
1316
1595
1981
2424
2963
3689
4095
4095
4095
4095
4095
4095
4095
4095
4095
4095
4095
4095
3812
3017
2431
1943
1508
1169
916
767
729
749
841
995
1177
1375
1582
1767
1910
2011
2065
2089
2071
2011
1909
1803
1671
1529
1387
1289
1191
1125
1041
981
935
877
839
813
797
793
837
954
1147
1453
1863
2355
2941
3701
4095
4095
4095
4095
4095
4095
4095
4095
4095
4095
4095
4095
3365
2729
2181
1677
1230
915
681
549
495
549
683
873
1083
1327
1565
1785
1962
2107
2203
2263
2281
2279
2248
2184
2099
2013
1914
1805
1705
1611
1497
1400
1301
1223
1163
1107
1065
1068
1113
1222
1459
1798
2230
2741
3384
4095
4095
4095
4095
4095
4095
4095
4095
4095
4095
4095
4095
4095
3392
2742
2206
1773
1403
1128
956
903
913
997
1146
1323
1519
1715
1870
2007
2119
2169
2185
2169
2124
2056
1940
1833
1711
1575
1405
1279
1138
1007
887
797
704
627
567
540
562
633
779
1045
1391
1834
2329
2854
3431
4085
4095
4095
4095
4095
4095
4095
3577
3003
2517
2068
1591
1147
739
405
147
0
0
0
0
0
192
445
691
941
1149
1339
1493
1609
1645
1655
1609
1514
1386
1261
1125
991
867
749
660
555
413
297
167
22
0
0
0
0
0
75
399
846
1364
1935
2502
3052
3628
4095
4095
4095
4095
3940
3464
2984
2531
2121
1696
1268
912
629
396
251
157
182
283
425
616
831
1053
1253
1445
1609
1727
1815
1847
1853
1813
1727
1598
1465
1310
1147
987
873
751
661
570
527
498
501
493
541
627
779
1011
1355
1769
2247
2729
3246
3847
4095
4095
4095
4095
4095
3799
3284
2823
2367
1908
1480
1075
703
383
167
18
0
0
89
263
483
728
965
1199
1407
1568
1699
1767
1779
1757
1711
1611
1495
1372
1243
1129
995
873
783
691
617
569
581
590
655
780
983
1290
1679
2139
2659
3261
4029
4095
4095
4095
4095
4095
4095
4095
4095
3947
3255
2695
2193
1719
1319
965
684
490
390
367
397
495
651
831
1039
1245
1446
1608
1736
1800
1823
1824
1773
1678
1582
1463
1326
1199
1100
999
902
827
775
741
729
732
776
857
1029
1285
1657
2106
2614
3231
4027
4095
4095
4095
4095
4095
4095
4095
4095
4095
4095
3453
2841
2340
1839
1372
1011
699
484
350
317
362
459
601
779
979
1172
1341
1502
1620
1683
1704
1691
1639
1561
1435
1319
1235
1124
1020
956
893
841
805
787
779
779
780
820
867
950
1081
1305
1630
2066
2597
3245
4095
4095
4095
4095
4095
4095
4095
4095
4095
4095
4095
4095
4095
3804
3045
2503
2021
1579
1181
903
681
555
517
565
653
781
926
1092
1247
1373
1468
1543
1565
1547
1496
1437
1341
1237
1109
997
891
800
692
629
581
538
520
525
544
573
603
659
714
776
820
875
921
971
1031
1127
1288
1532
1897
2365
2953
3788
4095
4095
4095
4095
4095
4095
4095
4095
4095
4095
4095
4095
4095
4095
4095
4083
3187
2635
2149
1721
1375
1143
1007
955
959
1043
1159
1272
1414
1543
1631
1708
1737
1741
1710
1646
1541
1433
1308
1178
1055
956
873
793
732
687
672
655
645
663
684
703
735
781
809
848
869
907
948
991
1043
1095
1144
1173
1193
1229
1239
1246
1245
1236
1231
1211
1196
1203
1237
1341
1559
1892
2339
2903
3712
4095
4095
4095
4095
4095
4095
4095
4095
4095
4095
4095
4095
4095
4095
4095
3245
2647
2156
1712
1338
1087
907
806
763
812
927
1063
1229
1391
1555
1661
1738
1781
1775
1755
1686
1599
1517
1418
1301
1189
1111
1006
923
883
841
828
810
839
867
911
952
995
1050
1107
1169
1251
1305
1371
1421
1459
1491
1499
1485
1489
1493
1519
1608
1771
2037
2413
2915
3623
4095
4095
4095
4095
4095
4095
4095
4095
4095
4095
4095
4095
4095
4095
4095
4095
3737
2955
2398
1935
1547
1243
1015
907
887
924
1023
1163
1312
1455
1593
1708
1779
1805
1781
1739
1655
1553
1416
1285
1161
1033
922
851
779
733
685
664
678
681
695
735
766
808
858
926
983
1035
1066
1115
1147
1187
1199
1230
1253
1263
1291
1357
1451
1639
1927
2319
2844
3575
4095
4095
4095
4095
4095
4095
4095
4095
4095
4095
4095
4095
4095
4095
4095
4095
3355
2669
2125
1653
1257
990
842
776
763
851
968
1125
1311
1494
1663
1805
1893
1951
1963
1917
1831
1735
1598
1449
1315
1191
1080
975
883
827
803
791
795
823
875
931
1002
1095
1181
1253
1311
1371
1415
1453
1484
1511
1528
1533
1573
1641
1773
2002
2334
2792
3479
4095
4095
4095
4095
4095
4095
4095
4095
4095
4095
4095
4095
4095
4095
4095
4095
4095
4095
4095
3703
2905
2347
1911
1595
1367
1229
1215
1261
1369
1523
1675
1822
1944
2039
2102
2131
2099
2027
1949
1843
1709
1577
1455
1328
1223
1129
1054
1011
991
979
987
1015
1041
1081
1128
1176
1223
1279
1359
1435
1506
1548
1605
1647
1715
1812
1983
2264
2661
3247
4095
4095
4095
4095
4095
4095
4095
4095
4095
4095
4095
4095
4095
4095
4095
4095
4095
4095
4095
4095
4095
4095
4095
4095
4095
4095
3689
3279
3043
2895
2791
2749
2735
2735
2729
2708
2676
2623
2555
2457
2361
2239
2119
1993
1891
1789
1712
1641
1610
1588
1572
1561
1581
1605
1623
1651
1707
1752
1800
1832
1869
1902
1942
1975
2066
2181
2375
2695
3165
3985
4095
4095
4095
4095
4095
4095
4095
4095
4095
4095
4095
4095
4095
4095
4095
4095
4095
4095
4095
4095
4095
4095
4095
4095
4095
4095
4095
3940
3388
2999
2740
2536
2367
2233
2147
2055
1981
1915
1855
1799
1735
1641
1560
1469
1391
1306
1255
1194
1164
1131
1151
1174
1193
1209
1259
1298
1331
1368
1407
1461
1495
1517
1565
1621
1707
1850
2105
2456
2931
3693
4095
4095
4095
4095
4095
4095
4095
4095
4095
4095
4095
4095
4095
4095
4095
4095
4095
4095
4095
4095
4095
3801
3000
2462
2067
1751
1529
1385
1365
1381
1449
1553
1647
1739
1783
1830
1844
1833
1779
1703
1623
1511
1380
1244
1129
1017
921
839
793
756
722
699
722
741
750
765
809
846
887
957
1063
1240
1495
1885
2377
3027
4015
4095
4095
4095
4095
4095
4095
4095
4095
4095
4095
4095
4095
4095
4095
4095
4095
4095
4095
3097
2360
1719
1224
857
602
441
411
466
575
727
921
1111
1291
1447
1576
1688
1752
1781
1820
1839
1843
1837
1803
1677
1519
1319
1117
936
755
563
408
250
105
0
0
0
0
0
0
0
0
0
186
703
1364
2103
2840
3743
4095
4095
4095
4095
4095
4095
4095
4095
4095
3435
2764
2174
1621
1084
639
268
0
0
0
0
0
0
0
0
0
0
215
439
636
815
957
1051
1085
1077
1051
969
876
776
687
605
537
455
413
375
330
313
313
312
339
349
403
475
537
614
749
936
1235
1659
2194
2830
3710
4095
4095
4095
4095
4095
4095
4095
4095
4095
4095
4095
4095
4095
4095
4095
4095
3327
2553
1903
1340
884
571
351
231
217
291
423
595
783
969
1163
1323
1465
1579
1652
1696
1735
1769
1800
1830
1847
1881
1882
1848
1803
1747
1672
1583
1483
1391
1309
1215
1113
1062
1015
1035
1141
1379
1718
2181
2717
3391
4095
4095
4095
4095
4095
4095
4095
4095
4095
4095
4095
4095
3643
2872
2267
1735
1241
837
523
316
189
160
200
317
501
687
895
1109
1306
1465
1595
1687
1740
1747
1703
1653
1587
1483
1355
1259
1146
1049
958
900
847
796
761
745
751
755
755
795
861
989
1207
1529
1949
2451
3034
3821
4095
4095
4095
4095
4095
4095
4095
4095
4095
4095
4095
3812
3052
2468
1919
1453
1034
697
460
333
306
357
488
681
907
1131
1353
1556
1716
1839
1927
1981
1993
1961
