68
167
261
351
437
519
602
694
793
894
993
1091
1187
1282
1384
1487
1583
1676
1764
1847
1927
2002
2078
2151
2226
2303
2382
2459
2538
2619
2692
2765
2836
2908
2987
1091
1187
1282
1384
1487
1583
1676
1764
1847
1927
2002
2078
2151
2226
2303
2382
2459
2538
2619
2692
2765
2836
2911
2984
3061
3137
3213
3288
3362
3436
3513
3589
3662
3732
3804
3888
3985
2078
2151
2226
2303
2382
2459
2538
2619
2692
2765
2836
2911
2984
3061
3137
3213
3288
3362
3436
3513
3589
3662
3732
3804
3889
3981
4078
4174
4264
4362
4468
4575
4678
4779
4866
4955
