428
377
350
339
338
340
339
341
343
345
350
348
350
350
350
353
357
362
365
368
374
374
375
375
379
382
383
385
386
387
393
390
390
389
388
383
380
375
371
367
374
373
374
375
376
378
378
378
378
377
380
376
375
374
375
379
391
414
455
516
606
706
819
934
978
978
978
978
978
978
980
980
980
979
980
979
978
978
977
880
798
715
638
565
500
443
396
364
342
330
330
333
344
359
376
394
413
429
442
448
458
453
443
432
422
410
397
385
374
364
361
352
346
344
343
343
345
346
348
352
361
366
369
373
377
381
382
384
388
390
397
395
392
389
386
383
381
380
379
379
384
383
381
379
380
380
381
379
379
378
378
375
378
385
403
437
490
565
663
773
886
978
977
977
977
978
978
978
978
978
978
980
980
979
900
809
725
647
576
512
455
415
379
354
341
336
340
350
364
383
402
422
439
454
464
467
468
463
455
444
431
422
404
388
375
363
354
346
343
341
342
347
348
350
353
358
364
369
375
380
383
387
387
387
389
390
391
390
389
387
387
390
388
386
384
381
380
378
376
375
374
378
376
375
372
371
371
374
386
409
449
510
587
682
785
891
980
980
980
980
980
978
978
977
977
977
978
890
801
716
638
576
517
462
420
387
363
349
342
346
356
376
393
414
435
456
472
484
494
496
492
485
471
456
439
421
405
390
376
364
354
355
347
343
345
347
350
354
357
362
366
376
381
384
389
392
394
396
397
399
402
406
406
404
402
400
398
396
395
392
390
391
386
382
376
371
369
369
373
383
404
447
499
569
657
753
850
937
979
978
978
978
978
978
978
979
914
835
754
676
605
543
485
437
401
374
356
345
346
355
370
398
419
443
466
489
512
525
532
533
528
522
503
482
462
444
425
407
392
378
368
362
355
352
351
353
358
363
368
372
379
394
397
399
402
404
404
406
409
410
410
416
415
414
410
407
406
406
403
399
396
394
387
382
382
388
405
436
481
543
621
714
804
887
958
977
977
978
977
978
978
937
867
791
716
642
575
516
468
428
396
375
358
348
347
356
374
396
423
451
478
506
523
537
546
548
541
529
513
493
469
456
435
413
395
380
369
360
354
351
354
362
366
370
376
382
388
394
400
405
412
416
420
419
418
417
417
417
416
413
409
404
403
396
392
389
390
396
415
448
496
563
653
743
836
919
979
979
979
979
978
978
978
937
868
795
723
654
593
539
491
448
417
387
365
351
348
352
362
380
403
430
462
485
507
523
532
535
534
524
508
487
470
448
427
407
391
378
366
356
352
351
355
355
358
364
369
376
385
391
398
403
414
416
416
416
421
422
421
419
417
415
415
409
406
401
398
397
400
406
427
463
520
591
679
775
873
961
979
980
980
980
979
978
978
978
977
894
817
740
669
604
551
497
450
412
385
364
351
347
352
362
382
402
427
453
477
497
510
514
516
508
497
478
457
435
415
395
377
364
355
349
351
348
347
349
352
356
362
369
378
382
391
392
393
394
397
400
401
401
400
397
400
394
393
391
388
387
387
386
384
383
390
387
386
384
382
379
376
375
377
385
409
442
500
580
680
795
917
980
979
978
978
978
978
978
978
978
979
980
980
979
979
978
897
814
734
656
582
511
447
396
363
334
316
307
307
316
330
347
369
389
408
419
426
430
428
423
417
408
397
386
380
368
357
349
346
344
343
345
348
350
361
363
367
372
377
381
384
386
387
387
394
394
392
392
389
388
387
385
383
382
383
380
377
377
376
375
377
379
380
380
385
383
379
376
375
374
374
378
389
413
460
520
606
709
823
935
979
979
979
979
978
978
978
978
978
978
978
978
978
910
840
764
694
632
572
514
464
423
390
365
354
343
339
343
354
369
385
400
413
422
431
435
435
432
427
420
411
402
392
384
378
375
368
362
358
354
352
351
353
355
357
364
363
364
365
366
370
372
374
376
377
381
377
375
376
376
374
374
374
373
374
375
374
373
372
372
373
373
372
371
371
377
375
374
374
373
374
375
381
393
417
460
514
589
679
779
880
969
980
979
979
977
977
977
978
978
978
936
861
787
714
655
597
548
506
471
442
419
401
387
382
389
391
397
408
420
433
444
456
465
470
473
468
461
451
440
429
418
408
396
388
382
372
365
363
362
360
362
363
364
365
375
378
382
383
385
387
389
390
390
391
395
394
392
392
390
389
390
392
392
392
393
389
387
384
381
380
379
379
379
379
385
381
378
378
377
379
383
391
407
435
485
546
629
722
820
914
979
979
980
979
977
977
977
978
978
978
909
834
761
693
636
579
529
488
452
430
415
407
404
408
422
432
445
462
478
494
506
515
520
520
516
508
496
483
466
450
432
417
402
391
387
378
371
368
367
367
369
373
377
382
393
393
395
397
399
403
404
405
405
406
410
406
404
403
402
401
399
399
396
394
395
393
391
390
388
388
387
387
387
388
395
393
389
388
388
389
396
412
440
483
550
628
718
812
902
977
979
979
980
978
978
978
960
901
833
767
701
639
583
532
488
451
423
402
386
378
375
380
390
408
429
453
492
527
555
572
578
579
570
553
534
508
480
452
429
409
393
381
370
362
360
357
355
357
362
366
373
377
381
383
393
397
402
405
408
411
414
416
416
419
424
423
420
416
412
406
400
395
392
387
383
381
376
373
370
371
371
371
371
371
375
386
401
426
467
526
601
685
773
854
925
979
979
979
979
979
979
979
948
891
824
759
691
628
569
514
464
426
397
375
364
361
362
371
388
413
442
470
497
521
541
558
564
563
553
537
517
493
468
444
420
404
384
371
358
350
344
342
341
346
352
362
368
375
384
392
400
408
416
421
424
430
429
427
425
425
424
420
417
415
413
413
409
407
406
404
401
399
397
396
393
394
392
393
395
403
419
446
488
552
637
736
832
923
978
978
977
977
978
978
978
980
979
979
965
892
814
738
665
598
536
483
436
405
385
376
376
385
401
420
444
473
495
513
525
534
537
533
523
511
494
477
455
435
417
402
387
381
375
374
373
378
380
382
386
394
401
406
412
417
421
425
423
422
421
419
417
414
411
408
407
415
417
415
413
411
410
408
406
406
404
407
405
403
401
398
396
394
393
392
390
392
389
387
385
385
387
388
390
397
414
448
498
576
679
796
920
978
978
978
978
980
980
980
980
979
979
979
979
978
978
978
978
978
978
888
799
715
635
562
499
452
412
387
373
375
383
397
415
432
450
471
480
486
487
483
475
464
449
433
418
409
394
382
372
365
360
357
356
359
364
370
373
378
382
386
389
394
396
399
399
405
399
393
390
388
384
381
380
380
381
386
386
387
389
390
391
390
390
386
385
386
383
380
377
377
375
373
371
374
383
405
435
485
557
651
760
874
977
978
978
980
980
979
979
979
979
979
979
979
978
952
859
769
685
612
546
492
448
413
389
377
373
373
380
390
406
421
438
455
468
478
489
489
486
478
466
456
443
428
411
394
383
369
358
351
345
341
339
339
341
344
350
355
360
366
373
378
382
383
385
388
393
392
393
395
392
389
386
386
383
382
384
381
379
377
374
374
372
370
368
367
369
366
364
367
373
384
406
443
502
581
681
784
889
977
978
977
977
978
978
978
979
980
979
979
917
824
731
649
573
506
453
411
380
358
346
348
355
369
389
411
437
458
476
494
509
518
519
517
507
492
480
462
442
424
404
389
375
363
353
348
350
347
346
350
354
358
361
369
378
383
393
399
402
407
409
414
416
419
418
417
422
419
413
411
408
406
402
399
398
394
396
396
395
395
391
390
390
392
400
421
457
507
575
662
758
858
950
980
980
980
978
978
978
978
977
977
892
802
714
630
561
492
435
393
364
345
335
335
345
362
388
416
446
476
502
524
541
550
554
551
542
525
503
480
456
435
415
398
384
372
367
357
352
349
349
349
354
357
362
366
378
380
382
388
393
396
399
399
401
403
406
405
406
406
408
408
408
406
405
405
407
403
400
396
394
392
398
413
444
489
562
647
742
838
932
979
980
979
978
978
977
978
978
978
916
831
743
660
580
510
453
407
372
351
340
339
350
365
389
420
456
487
514
539
557
568
570
569
560
544
529
505
478
454
434
415
399
386
375
368
365
360
359
361
364
369
374
380
384
386
398
401
404
407
411
414
419
420
421
425
430
429
430
428
429
427
426
427
425
431
444
471
512
573
654
751
850
946
980
980
978
979
978
978
978
978
977
961
870
776
683
605
527
459
404
362
332
315
312
319
336
363
392
424
457
488
516
542
559
570
571
563
543
518
490
462
435
414
393
379
366
362
356
356
358
364
371
381
390
398
406
420
426
432
438
443
446
446
444
443
443
441
435
430
423
418
412
409
408
412
425
457
500
560
644
741
842
935
978
978
978
980
980
979
980
979
953
862
764
666
573
494
422
367
325
295
279
273
279
297
323
358
391
427
463
494
522
547
565
576
576
575
560
541
518
495
471
448
428
410
394
383
371
366
361
360
360
363
366
371
378
388
392
398
404
410
415
417
418
422
424
430
425
420
421
427
448
485
542
622
720
830
935
980
980
980
980
979
980
980
979
978
945
836
724
615
516
430
363
310
270
250
234
229
235
251
274
305
339
377
414
450
478
499
513
520
518
511
500
482
462
442
418
395
377
359
346
337
332
328
327
331
331
338
343
351
360
365
372
376
379
389
390
390
390
389
387
385
383
386
393
413
445
497
571
667
778
893
979
979
980
978
978
978
978
978
978
978
978
887
779
682
582
497
425
368
327
297
278
269
270
289
306
330
357
388
418
444
467
488
501
509
505
495
480
460
436
415
391
368
346
332
315
304
296
295
297
304
313
324
335
350
360
372
381
387
392
394
393
391
387
389
387
392
409
443
497
571
666
776
886
978
978
978
978
978
977
978
978
978
978
893
792
690
595
514
446
390
347
315
290
277
268
267
275
288
305
328
353
378
400
422
441
449
454
453
447
438
425
411
396
381
370
355
343
331
324
322
321
322
325
329
337
340
344
350
354
359
362
366
368
366
367
366
366
363
362
365
376
398
440
504
594
699
816
931
978
978
978
978
978
978
980
979
979
979
953
851
746
647
557
479
415
362
322
296
279
270
269
276
290
308
334
362
389
414
437
457
472
477
477
473
470
453
435
416
396
378
362
351
342
336
339
340
342
348
354
367
375
386
392
398
403
403
403
404
404
403
404
403
402
398
401
398
399
404
419
451
503
578
676
791
915
980
980
980
980
979
979
979
979
979
978
978
978
903
792
687
589
500
423
364
321
286
264
258
264
281
306
336
368
401
436
462
481
495
502
503
500
490
476
460
444
422
401
382
363
347
337
332
330
331
338
342
347
354
363
375
385
391
396
401
409
409
408
408
405
405
403
400
396
392
394
396
407
432
478
546
642
754
874
979
978
978
978
978
978
978
978
978
979
980
979
871
763
663
573
496
432
383
346
321
311
303
306
317
334
355
378
402
425
447
467
479
487
488
486
481
471
458
445
431
425
414
402
395
390
385
384
385
388
388
396
396
397
397
399
403
406
408
410
411
415
413
412
410
404
400
394
389
384
385
400
425
473
548
642
755
872
977
978
978
979
980
979
979
979
978
978
933
830
724
630
542
465
405
359
327
304
288
283
285
299
312
329
352
376
401
424
443
461
471
485
487
477
466
452
436
419
401
384
372
364
354
346
340
334
329
328
330
332
337
343
346
351
355
359
366
370
375
379
378
377
380
375
372
371
368
365
366
372
391
427
494
578
688
810
932
979
979
978
978
977
978
978
978
979
980
935
818
698
585
482
400
334
285
252
233
226
226
233
250
272
304
331
367
400
428
452
470
483
488
485
481
472
456
435
411
389
368
348
333
322
313
305
301
299
300
303
311
318
326
336
347
354
359
362
369
374
377
379
381
381
385
386
382
378
376
372
370
370
378
396
436
494
575
679
795
910
980
979
979
979
978
978
978
977
978
977
919
812
705
603
515
432
366
314
275
250
236
231
238
254
283
310
345
382
419
451
478
498
509
514
515
505
489
471
449
429
408
390
376
364
359
353
351
352
356
362
373
384
395
407
422
431
433
434
435
433
430
424
416
409
405
403
411
437
487
560
661
777
901
980
978
978
978
978
978
978
978
977
978
978
935
816
698
588
489
406
343
299
268
251
250
257
275
300
330
363
398
428
453
473
488
489
489
481
469
451
431
412
391
371
362
347
336
328
324
323
323
324
329
335
346
348
352
356
358
359
362
364
364
363
367
365
364
368
385
418
473
551
655
775
909
979
979
978
978
978
978
978
978
978
980
979
979
908
786
670
563
470
399
344
306
279
266
263
269
284
309
337
367
396
429
450
466
477
483
483
478
469
455
436
422
403
385
370
357
350
346
343
343
346
356
363
369
377
384
393
396
399
404
405
408
406
402
398
397
400
412
441
491
562
665
773
889
979
979
978
978
978
978
978
979
979
979
980
894
781
669
565
470
390
330
283
250
229
224
232
248
275
308
344
383
422
452
477
495
504
508
502
491
473
453
435
410
385
366
349
335
323
315
310
309
314
320
324
333
342
351
357
366
371
376
382
383
383
382
379
376
376
380
393
420
478
557
665
792
928
979
978
978
978
978
978
978
979
979
979
979
979
979
962
834
709
593
491
403
334
285
250
231
226
236
259
285
315
350
386
418
445
467
484
492
495
487
476
460
439
420
401
382
366
354
345
336
330
328
329
333
338
344
350
356
366
375
382
386
391
392
391
389
388
385
387
384
387
402
434
491
576
689
818
948
978
978
978
978
979
980
980
980
980
979
978
955
828
704
588
484
394
323
268
231
214
204
207
224
251
288
329
370
407
445
477
500
508
510
505
491
473
453
429
404
385
363
344
330
320
317
317
319
325
333
345
351
359
366
374
379
383
385
388
388
392
392
391
389
385
380
376
373
372
382
406
445
509
600
715
843
969
980
979
979
979
978
978
978
977
977
978
940
815
688
575
465
374
304
251
215
198
195
208
232
269
312
355
400
441
479
508
527
538
541
535
520
496
472
446
420
395
375
357
341
335
325
320
317
321
328
335
345
352
361
375
380
384
389
391
392
391
387
384
380
377
375
371
367
364
367
377
401
444
514
612
720
837
953
978
978
978
978
978
977
980
979
979
978
856
736
619
510
413
333
276
233
206
199
208
229
262
306
354
400
449
488
519
543
557
563
558
543
522
500
478
450
422
399
378
359
346
337
332
330
334
337
342
346
355
367
376
385
393
399
405
408
407
407
407
405
402
399
397
394
390
398
407
429
472
534
620
721
828
937
978
980
979
980
979
979
979
979
979
953
844
728
615
508
413
338
280
238
216
212
222
248
283
328
377
427
472
513
546
568
581
589
581
564
541
515
486
456
431
408
388
375
359
351
347
347
350
355
363
372
381
389
393
397
401
406
410
412
412
412
410
411
404
401
398
397
405
424
457
512
592
701
813
930
979
979
979
979
979
979
979
978
978
978
924
809
691
582
482
396
330
285
250
233
233
254
283
324
367
416
461
507
538
565
584
590
585
571
550
522
491
463
437
412
391
374
363
356
352
358
364
373
378
383
391
398
405
411
416
421
424
430
426
425
421
418
415
411
407
407
412
434
468
527
612
717
833
949
979
979
979
978
977
978
978
978
978
978
919
805
691
588
488
404
339
291
259
249
249
263
290
329
366
407
447
485
518
539
555
561
557
545
524
502
476
451
427
407
386
373
363
360
355
355
357
360
365
371
376
386
395
406
410
413
416
418
421
423
423
421
418
417
414
411
412
423
450
496
564
658
765
882
977
978
978
978
978
978
978
978
978
980
948
837
724
615
516
430
361
311
274
257
248
252
267
293
325
363
403
442
476
506
524
535
537
532
516
497
472
446
422
404
382
365
355
348
344
342
342
347
353
364
369
374
379
384
387
390
392
396
399
404
403
402
400
397
393
391
388
385
384
390
402
429
478
553
653
767
885
978
978
980
979
980
979
979
979
979
979
868
754
650
550
461
388
332
292
265
251
251
262
285
315
348
385
423
461
495
521
541
550
552
549
530
507
481
454
428
403
383
364
352
346
342
340
342
346
352
358
364
369
375
382
385
387
392
394
396
397
400
400
402
407
403
399
397
395
397
404
420
452
502
576
666
767
873
970
979
979
979
979
978
978
978
978
891
791
690
590
499
418
355
308
268
245
235
239
255
282
320
362
408
459
501
537
568
589
598
596
583
560
529
497
459
426
397
374
354
339
331
327
327
333
339
350
361
373
386
397
407
414
421
430
430
430
429
426
421
415
413
410
413
428
453
495
553
629
718
808
892
961
979
978
977
978
978
922
848
765
680
594
513
445
381
328
291
262
248
242
247
263
293
335
376
421
466
508
541
570
588
595
591
578
555
527
495
459
428
400
379
360
346
341
332
329
333
339
349
357
368
378
386
398
405
410
413
414
411
411
408
410
416
433
463
508
574
659
753
848
937
980
979
978
977
978
978
977
933
850
760
671
585
512
440
380
337
302
276
265
263
271
290
323
360
401
445
486
523
554
575
584
584
575
553
525
495
464
433
407
386
367
355
351
345
341
342
346
356
366
376
386
395
408
413
416
421
423
426
424
420
417
415
422
440
470
526
601
699
807
916
979
979
979
978
978
978
978
978
978
977
929
836
752
667
590
522
464
416
379
347
322
306
301
302
310
329
354
381
410
438
462
479
492
494
488
478
463
443
422
400
380
364
356
346
335
330
328
329
332
338
346
354
366
375
380
385
390
396
401
404
405
408
407
408
406
406
406
407
408
406
406
405
401
403
402
401
399
402
415
446
497
578
683
811
934
979
979
979
979
980
979
978
978
978
978
977
978
978
901
819
741
671
604
541
480
427
382
343
312
290
277
276
284
304
323
347
372
395
415
428
438
443
443
439
427
413
396
380
363
351
340
332
325
325
323
322
324
331
339
348
353
361
366
376
379
384
387
391
391
393
395
396
396
403
402
400
399
400
400
398
398
399
399
398
394
392
391
390
391
402
424
463
523
611
713
829
942
978
978
978
978
978
978
979
980
979
979
979
979
920
839
761
690
628
569
514
463
420
384
354
333
323
320
325
337
354
374
395
415
432
448
456
459
463
456
445
433
421
407
393
379
369
359
355
348
344
344
348
352
357
362
367
372
382
386
391
396
400
403
406
409
412
413
420
417
414
413
412
410
411
411
410
410
412
408
407
403
401
397
395
393
392
390
387
383
386
393
411
444
499
574
671
783
902
978
978
978
978
978
978
978
978
978
979
979
979
912
824
742
670
604
544
492
449
410
379
355
343
336
339
348
362
381
403
422
441
458
470
475
477
473
461
447
436
417
398
382
369
357
350
344
343
343
350
353
357
364
372
379
388
395
400
402
407
409
409
409
412
413
413
411
409
408
412
408
407
408
406
405
403
401
399
398
402
400
399
397
395
392
391
388
388
392
402
420
450
499
570
654
754
854
946
980
979
978
978
977
978
978
978
910
824
736
661
583
516
463
420
386
362
345
334
331
337
349
364
384
408
436
463
486
507
520
526
529
523
510
494
473
454
435
418
400
384
375
365
358
354
354
356
359
366
373
379
388
395
402
406
411
415
417
418
420
422
424
422
422
422
421
420
418
419
419
418
419
415
411
405
401
398
396
396
400
410
441
482
539
618
711
809
903
978
978
978
977
978
978
978
979
978
895
812
729
656
590
529
475
433
399
372
353
342
338
343
359
377
401
424
448
475
499
516
527
532
532
523
508
490
471
453
434
417
402
388
381
375
371
371
370
372
377
379
383
389
399
401
403
407
411
413
415
419
424
427
432
434
434
431
429
429
426
423
419
416
414
410
407
407
406
403
401
398
397
396
395
392
391
390
388
390
391
399
416
450
511
587
686
800
923
979
979
978
978
978
978
978
978
979
980
979
979
980
979
979
951
868
787
713
642
571
508
449
401
364
342
328
323
328
340
356
377
398
416
434
450
456
458
456
448
436
422
410
397
384
375
364
357
352
349
352
356
363
368
373
383
387
390
397
402
406
408
410
410
407
412
411
410
407
404
401
399
395
393
393
395
394
392
392
392
391
391
393
395
397
403
401
401
401
399
401
402
400
397
397
402
398
402
417
448
503
580
685
801
923
978
978
978
979
980
980
979
979
979
979
978
978
978
978
907
823
745
676
612
552
506
456
415
382
358
345
342
343
351
364
385
401
416
436
451
460
464
464
458
448
437
424
410
396
386
378
370
364
360
364
369
369
370
373
376
379
383
385
388
392
399
403
401
401
399
401
400
400
399
400
397
395
393
391
390
389
391
396
394
392
392
399
398
398
398
397
396
395
392
394
392
396
394
395
391
386
384
384
388
397
419
463
524
610
718
839
961
979
979
979
979
978
978
978
978
978
978
978
978
979
892
809
725
649
581
520
467
423
389
368
356
356
360
369
385
402
420
439
458
471
480
486
485
479
470
460
450
436
423
409
394
384
371
364
359
357
356
358
360
364
368
378
383
386
388
391
393
395
396
398
398
402
402
400
399
400
400
403
404
404
403
407
408
405
404
405
405
404
402
402
401
405
400
399
399
398
396
393
391
388
387
396
405
428
472
541
634
744
863
978
978
978
978
978
978
978
978
978
979
980
979
922
811
706
611
528
461
410
371
347
331
327
329
339
354
374
397
422
443
461
479
496
504
504
499
491
477
464
447
430
414
400
383
372
364
358
354
352
353
354
354
361
362
363
363
368
372
378
382
384
390
394
394
398
401
404
406
407
405
404
406
408
405
403
402
400
397
394
392
392
392
396
394
390
389
387
386
384
384
386
383
385
385
392
411
449
506
586
684
792
901
978
977
978
978
978
978
978
979
979
979
962
860
756
656
563
482
413
363
327
304
298
299
311
334
363
397
437
477
512
542
567
582
586
583
574
554
530
503
473
446
423
396
377
361
350
341
337
337
341
344
357
364
371
377
385
390
397
404
410
415
425
428
430
433
437
444
451
456
460
461
465
462
459
453
449
445
440
434
430
426
433
446
472
518
582
664
756
852
940
978
979
979
979
979
979
980
979
921
828
732
637
549
468
401
349
311
288
276
279
294
317
351
387
429
469
506
538
564
582
588
584
577
559
535
507
476
448
423
399
380
368
361
355
353
355
360
365
374
385
392
400
408
412
415
417
417
419
417
416
413
411
413
407
403
403
403
404
404
404
404
403
406
406
406
408
414
428
456
505
580
679
795
915
978
978
978
978
978
978
978
980
979
980
979
978
978
957
851
747
652
566
496
433
386
355
336
328
330
341
359
383
413
442
468
492
510
521
525
524
516
503
486
460
438
416
397
379
365
358
352
350
356
358
361
365
370
