464
395
365
356
364
382
397
415
435
453
469
483
492
502
508
520
521
521
522
523
528
535
545
556
570
591
604
614
625
633
635
633
631
623
614
603
587
568
552
540
535
531
526
524
523
528
524
518
517
517
519
520
521
524
526
535
537
536
537
535
532
528
523
517
515
516
512
507
503
499
496
493
492
493
493
498
495
494
491
490
491
493
494
495
496
504
500
496
496
496
495
495
494
493
490
494
494
494
494
494
498
502
510
521
539
561
579
596
613
627
636
644
647
644
638
637
625
610
593
582
571
564
558
551
548
551
547
543
543
542
541
538
536
534
531
531
532
531
529
528
529
528
527
526
527
523
526
520
513
507
501
496
494
490
488
486
492
489
485
483
484
484
484
484
486
487
489
488
489
490
491
491
492
492
491
489
494
493
492
491
492
494
499
509
524
542
571
590
607
623
635
642
647
648
642
633
628
614
600
587
577
569
561
555
549
543
538
529
523
520
518
517
515
515
515
517
527
529
529
530
529
529
527
524
523
520
521
514
508
501
496
491
487
486
484
482
485
483
481
482
485
487
489
491
493
493
496
491
487
485
483
482
480
479
478
477
488
487
488
491
496
503
511
523
540
558
580
596
610
619
625
627
629
622
611
598
589
575
560
548
539
532
525
519
515
512
517
513
511
510
509
509
511
511
511
511
520
519
519
518
517
515
509
505
505
502
501
495
491
488
485
483
482
481
481
482
488
485
483
480
482
483
484
484
484
484
490
486
486
485
486
490
490
490
487
483
486
484
483
482
483
486
490
496
505
517
536
548
562
577
591
602
611
617
617
613
617
606
589
576
567
557
546
535
527
520
519
511
507
504
504
503
502
503
504
507
515
518
520
522
524
523
523
521
521
520
525
519
513
507
499
492
487
484
482
479
484
481
479
479
482
484
485
486
487
487
489
487
487
487
486
487
488
488
487
486
493
491
486
483
481
482
484
490
501
512
535
553
573
591
605
616
625
630
628
622
618
607
593
581
571
562
555
551
543
537
536
529
527
524
522
520
517
516
515
514
524
524
523
522
522
519
515
511
510
506
507
503
498
494
491
488
487
485
486
487
489
488
485
482
484
485
486
486
487
488
486
489
486
483
481
480
477
477
476
475
477
485
484
480
480
479
478
477
480
480
479
484
482
483
487
495
508
526
544
562
581
597
606
610
613
614
610
604
596
587
576
573
565
557
551
544
538
532
526
521
517
519
515
511
510
509
508
509
512
515
518
522
522
521
518
515
513
509
505
500
496
499
494
489
487
484
480
478
479
480
479
485
486
485
484
484
484
483
483
483
486
489
487
485
484
481
478
476
478
478
479
485
481
479
476
474
475
476
476
477
478
486
483
480
480
479
477
478
480
483
489
502
515
530
547
564
580
591
598
601
600
597
589
578
566
555
545
536
531
527
523
526
520
515
510
505
505
504
503
501
502
509
507
508
513
517
521
521
520
517
514
511
506
500
496
492
488
485
482
480
482
488
486
484
483
482
482
479
481
481
482
491
489
487
485
481
480
481
480
480
480
484
482
479
479
479
480
480
480
480
480
483
484
484
484
483
484
482
481
479
479
489
487
488
491
496
503
512
527
541
552
567
573
576
576
573
570
562
555
546
537
532
522
512
507
503
500
499
499
497
495
498
496
494
494
494
495
497
498
499
504
512
512
511
509
507
503
498
494
490
486
488
486
484
480
479
480
480
483
486
488
493
491
487
487
486
487
486
486
484
481
488
489
488
486
485
484
482
480
477
478
483
484
482
480
478
481
484
487
489
489
490
485
481
477
478
482
489
497
506
518
538
547
555
566
572
576
575
573
567
558
555
545
535
527
521
515
510
505
501
501
502
502
500
499
500
499
500
502
506
511
513
522
520
518
515
516
516
516
515
510
505
506
499
495
491
488
485
484
483
483
482
486
487
488
489
491
494
493
493
493
493
494
489
486
484
483
481
484
485
486
486
494
492
490
487
489
490
492
491
493
494
499
500
503
508
518
527
538
548
556
564
570
570
569
568
564
559
553
546
543
539
541
534
527
521
513
508
506
503
499
499
505
504
502
502
507
511
514
516
517
518
518
513
511
509
506
503
500
498
495
494
498
496
493
489
488
486
484
482
484
484
493
493
492
491
491
491
491
492
492
492
496
495
493
491
492
491
491
489
488
486
486
483
485
487
491
495
500
507
515
523
542
549
557
563
566
567
566
563
561
555
556
547
539
529
520
512
506
501
495
492
492
488
486
486
491
494
499
503
508
512
519
517
518
516
511
508
506
503
500
496
504
501
499
497
494
492
489
487
488
488
491
491
490
490
489
489
492
494
494
493
497
493
490
488
488
488
487
488
487
486
493
492
492
494
499
505
510
518
524
533
551
558
566
573
574
573
568
562
557
550
545
537
529
520
513
507
502
497
495
494
498
495
494
493
496
501
504
507
511
513
523
523
524
522
519
515
511
507
504
498
501
498
496
494
491
489
488
486
486
485
490
488
485
484
481
480
482
485
488
489
500
499
497
496
497
497
495
493
491
489
492
487
488
491
496
505
514
526
540
555
576
590
600
606
612
613
611
606
602
594
593
581
570
561
553
546
542
537
534
531
535
530
527
524
524
525
527
527
527
528
529
528
527
525
523
521
519
517
514
508
503
504
498
494
489
487
486
484
486
486
486
494
494
493
493
494
496
498
497
495
493
495
490
487
486
487
487
487
487
485
484
484
484
484
484
485
487
487
486
485
485
491
488
486
485
484
484
484
493
504
515
536
551
568
584
599
615
626
632
635
633
626
615
602
591
581
572
565
558
554
549
549
545
540
535
531
528
524
521
518
519
528
528
527
528
526
524
521
518
516
515
517
514
508
504
500
501
501
502
504
506
509
506
504
504
502
501
500
499
497
496
500
498
495
493
491
489
486
483
482
482
487
486
485
485
484
483
482
484
486
488
491
488
487
484
482
483
484
484
483
484
491
491
496
508
522
539
559
579
597
611
628
634
634
632
624
614
601
588
574
564
561
554
547
543
541
538
536
535
532
482
453
444
447
455
467
484
498
511
520
528
534
536
536
536
534
535
548
554
552
545
540
530
522
511
504
498
493
488
484
483
486
486
484
483
482
480
479
486
488
488
493
496
494
490
489
488
485
484
483
482
485
485
484
487
489
490
487
485
485
484
485
484
482
482
483
481
483
483
485
494
507
514
523
532
543
554
561
569
576
579
585
580
570
561
552
544
539
532
524
521
522
514
509
508
509
510
508
505
506
507
509
509
509
508
506
506
506
503
501
503
508
504
501
501
500
497
496
495
492
490
494
492
490
486
485
489
489
488
484
484
486
484
481
484
486
488
490
490
490
489
491
490
487
485
482
482
481
481
481
483
492
491
489
488
487
485
485
484
483
482
484
484
481
477
479
486
493
500
506
512
519
527
531
536
541
543
544
541
537
531
526
525
518
514
508
504
501
498
494
494
495
500
496
496
495
494
493
497
501
502
505
507
505
504
503
505
503
504
503
501
500
501
496
495
493
492
490
487
487
485
484
490
490
490
491
491
491
492
491
494
495
498
496
497
495
494
492
492
492
490
489
490
487
485
483
486
487
490
489
489
490
495
494
494
495
493
494
496
492
487
484
488
487
489
490
492
496
500
505
510
515
522
523
525
525
524
521
520
520
517
514
515
508
501
495
492
490
489
489
491
491
497
495
496
497
498
498
498
499
500
498
502
500
499
496
496
496
494
492
494
493
495
492
489
489
488
488
489
489
491
494
502
500
497
496
499
501
499
497
496
493
498
495
493
493
493
493
493
493
493
494
496
494
494
495
495
495
495
493
494
494
498
494
491
489
488
488
490
491
493
493
499
496
496
495
499
503
506
509
512
516
520
518
518
515
515
514
507
502
497
493
497
493
490
489
489
491
491
492
496
500
510
511
511
511
508
505
505
502
498
495
497
495
493
495
500
500
498
496
496
496
496
495
493
492
491
492
494
492
490
489
497
496
497
495
493
491
489
488
491
493
499
500
499
499
498
498
500
502
504
504
508
506
503
501
498
497
496
494
492
492
495
490
493
496
498
500
500
503
503
505
516
516
518
519
519
518
517
515
513
511
513
512
507
504
500
497
497
497
495
496
498
496
493
494
497
502
503
504
505
505
509
507
505
505
504
503
500
498
497
497
502
502
502
498
495
495
492
493
493
494
496
495
493
494
493
492
496
501
503
504
502
503
499
496
496
496
495
496
497
498
496
501
499
502
499
498
497
501
499
502
505
510
511
511
514
518
519
519
521
521
518
516
514
511
506
502
500
500
499
501
501
501
496
494
496
498
499
499
503
505
502
505
507
506
505
505
504
502
502
500
502
505
505
504
505
505
504
502
502
501
502
505
501
501
498
496
498
501
500
498
498
502
498
497
497
494
492
494
494
495
494
500
502
504
506
506
507
505
502
500
501
501
498
499
501
503
507
510
515
523
526
535
535
534
530
528
524
520
515
510
507
511
508
509
510
510
511
511
512
513
510
511
511
510
510
508
509
511
511
509
511
515
512
507
507
507
504
498
498
499
500
506
506
505
504
501
505
506
506
505
504
508
505
503
502
501
499
498
497
498
497
500
499
500
499
499
499
501
500
499
501
506
505
503
501
501
498
497
499
502
504
510
514
516
519
523
529
533
536
537
536
537
537
533
532
529
527
524
523
522
520
522
520
517
517
516
517
517
516
514
517
525
523
521
518
518
516
516
518
518
518
520
519
517
516
512
513
510
512
512
510
512
507
502
501
500
499
499
500
498
499
507
508
507
507
506
505
503
500
499
500
506
504
503
503
502
500
498
500
502
504
506
505
504
504
503
508
514
520
527
535
546
548
547
551
554
553
552
549
547
541
542
537
532
531
527
525
523
520
516
517
520
519
518
517
517
518
519
520
521
521
524
522
519
518
516
519
519
519
517
518
522
517
513
512
510
507
506
505
503
500
504
505
505
506
508
508
508
506
504
503
505
504
502
499
499
498
497
501
504
508
509
519
521
522
524
531
537
543
548
552
553
560
557
557
555
551
548
543
538
533
528
526
522
517
516
515
516
514
512
517
520
525
525
525
524
523
521
522
521
520
519
523
519
514
512
512
513
513
513
513
512
513
512
511
509
506
503
502
501
500
498
503
502
501
501
503
502
501
500
501
502
505
506
508
510
515
522
531
541
551
561
576
581
582
581
579
578
572
567
560
553
549
543
540
537
538
536
535
532
527
526
531
530
528
528
527
525
525
524
526
527
535
533
530
527
524
520
518
515
511
507
510
506
503
503
505
506
507
508
507
506
504
501
500
499
499
499
500
501
500
501
506
506
503
500
497
497
496
497
500
504
516
523
534
543
554
567
581
593
602
605
607
603
598
591
586
580
574
570
565
560
560
555
554
552
550
548
544
540
534
530
538
536
532
530
529
528
528
527
529
529
532
529
528
525
521
519
513
509
504
501
501
497
494
491
494
497
498
498
499
499
508
504
502
499
498
497
496
494
493
491
499
501
501
502
505
511
518
532
547
560
577
589
599
607
609
609
608
605
599
592
587
577
566
556
551
545
541
537
535
532
536
531
531
531
530
529
529
530
528
527
531
531
531
530
529
527
524
520
520
518
519
513
511
506
503
500
497
498
497
496
503
501
498
495
496
497
499
499
499
498
501
497
498
499
501
503
510
520
533
546
567
583
596
607
614
617
617
614
610
604
599
587
575
563
551
544
541
537
534
530
533
530
524
519
518
517
518
519
521
521
528
527
528
528
528
527
527
524
520
513
508
506
499
494
490
487
485
486
488
492
491
496
495
493
491
486
487
485
485
485
484
487
485
482
482
485
486
485
486
484
483
488
492
499
511
525
544
563
581
599
615
629
632
630
624
616
604
591
578
568
557
554
545
538
530
523
522
519
517
514
512
514
512
511
513
515
518
521
522
523
521
522
519
516
513
508
506
503
498
494
491
494
490
486
484
482
479
479
479
482
482
487
486
485
484
482
484
485
484
482
481
483
480
479
482
487
486
484
485
486
485
486
483
481
478
476
476
473
471
471
475
484
484
486
492
500
508
520
537
555
574
594
605
612
613
611
609
603
592
580
566
556
541
527
519
513
509
504
501
499
495
502
502
502
504
506
507
509
508
509
511
517
516
515
513
510
503
499
497
495
494
493
490
487
483
481
480
478
478
479
479
486
483
480
480
481
482
481
482
482
482
487
488
487
485
485
484
483
481
479
481
485
485
485
484
481
479
480
480
480
480
482
479
479
477
476
479
480
480
483
488
503
507
516
528
540
551
564
571
577
578
581
579
574
568
560
550
537
529
519
510
505
497
493
490
486
484
483
486
489
491
498
500
501
503
506
509
512
512
513
512
515
511
506
504
501
497
496
493
489
483
482
479
476
475
474
475
476
477
478
480
485
487
487
485
484
483
481
482
483
484
490
488
487
485
483
485
487
486
485
483
485
480
478
478
477
481
483
485
489
495
506
518
532
546
559
571
582
586
589
588
592
584
573
563
551
537
527
522
513
509
507
503
498
493
491
492
493
497
499
501
503
505
506
510
513
516
517
518
518
515
510
512
504
498
492
488
486
483
480
482
482
488
485
484
487
485
482
483
483
483
482
486
486
485
484
486
487
488
487
489
489
487
485
486
486
486
485
485
485
484
483
493
492
490
489
489
488
485
483
484
484
489
490
492
498
506
518
535
553
570
585
598
604
607
605
602
595
586
575
565
553
546
532
525
518
513
509
506
505
503
502
510
510
511
511
512
515
516
516
517
520
523
523
520
516
513
510
509
506
503
500
500
496
492
490
490
490
492
489
488
485
489
486
483
481
482
481
482
481
481
481
488
489
491
492
493
493
493
491
490
489
490
487
487
486
484
483
485
486
486
485
492
490
487
486
484
483
480
479
482
482
486
487
490
491
493
496
500
505
513
524
542
555
571
584
596
604
608
607
608
602
597
585
572
557
543
531
522
515
511
506
509
505
503
502
504
505
507
508
511
514
518
519
521
522
522
523
524
522
518
514
516
513
507
503
497
493
488
483
481
480
487
485
485
484
483
486
487
489
490
490
496
496
493
492
492
489
487
486
486
485
487
483
484
485
486
488
488
489
487
487
495
494
492
490
488
486
484
483
485
484
492
490
488
486
486
488
487
485
484
484
488
490
494
502
517
537
554
572
588
601
612
613
612
607
597
588
577
563
551
537
537
529
519
513
509
507
504
502
503
504
510
510
509
511
513
515
520
523
525
524
527
524
517
514
511
508
504
501
498
495
499
495
492
492
490
489
487
487
487
487
493
493
494
494
494
493
491
490
492
492
494
494
493
490
488
487
488
487
489
491
489
493
491
490
489
489
489
488
489
488
488
494
494
493
493
492
492
491
491
489
493
496
497
496
495
494
493
495
500
505
514
528
541
556
573
587
602
612
621
624
622
622
609
593
579
565
551
537
529
521
514
512
510
508
508
508
508
509
509
508
511
517
520
523
527
529
529
529
529
527
526
528
520
512
504
497
494
490
486
481
479
482
478
477
481
483
484
485
487
486
487
489
488
487
488
487
487
486
486
485
485
491
488
487
485
486
484
484
486
489
489
496
495
493
490
487
489
489
489
489
488
491
487
485
484
485
486
486
488
487
488
490
492
496
502
510
521
533
549
564
578
600
607
610
610
606
598
588
581
571
560
552
540
529
522
516
515
514
513
513
514
516
514
511
513
515
515
516
518
519
519
523
521
519
517
513
511
507
503
500
498
502
503
501
497
494
491
487
487
487
486
489
489
489
487
486
487
489
490
491
493
498
497
497
494
491
489
487
486
485
485
490
491
492
492
493
492
491
489
488
489
493
492
490
489
489
489
488
488
487
489
492
491
487
485
483
486
487
487
489
493
506
509
518
532
548
565
579
589
599
602
607
605
598
591
579
568
554
540
528
522
518
512
507
506
505
503
501
501
503
506
512
513
513
515
516
521
523
524
524
523
529
526
521
518
516
511
506
501
494
488
485
486
483
482
481
482
483
483
484
485
492
491
489
488
487
487
486
489
491
492
498
496
494
492
490
489
488
487
485
486
491
489
488
490
492
495
495
494
492
490
487
489
488
488
488
489
486
486
486
490
491
497
495
494
492
491
492
497
504
513
525
545
559
572
582
593
599
600
595
589
581
569
555
543
530
519
512
507
505
501
498
502
501
501
500
502
502
503
504
507
515
522
520
519
520
517
516
516
514
512
507
508
501
496
493
492
490
487
486
485
485
487
486
489
491
494
496
496
495
494
492
496
493
490
489
488
487
486
484
487
489
495
494
494
493
491
489
490
491
491
492
495
494
491
490
490
489
490
490
489
489
493
494
500
508
519
532
549
566
578
590
606
609
607
603
595
584
570
557
545
533
528
518
511
506
502
498
500
503
506
506
510
510
510
510
514
518
521
524
527
529
531
527
524
520
516
511
508
504
500
495
500
496
493
492
490
488
487
487
491
490
494
492
491
490
488
489
490
491
493
495
498
494
492
489
490
489
490
489
488
487
495
493
494
493
494
493
493
490
487
486
494
495
498
505
515
527
542
559
577
594
609
617
623
625
622
615
607
598
588
575
569
554
542
533
526
521
519
517
516
517
522
519
521
523
524
525
529
531
531
531
535
532
530
528
524
520
515
510
508
505
506
501
497
494
491
487
489
489
490
490
498
497
496
494
496
497
496
495
493
491
493
491
489
488
489
489
491
493
492
491
495
494
493
490
489
488
486
485
486
486
494
493
492
490
490
486
489
491
498
508
527
545
564
584
604
623
641
649
655
655
650
636
623
609
595
584
574
565
558
554
559
556
553
549
546
541
537
536
535
536
543
543
540
538
537
535
534
532
528
525
524
520
513
507
505
502
499
498
498
497
495
496
495
493
494
494
495
494
493
492
493
499
497
495
493
492
487
485
485
484
486
491
491
490
489
488
490
490
492
492
490
491
487
484
483
482
483
483
482
484
483
487
487
488
486
487
488
489
488
487
490
501
507
518
533
550
569
590
611
628
640
649
651
646
636
623
610
596
583
571
562
556
549
543
545
548
547
545
546
543
539
540
535
530
524
523
522
519
517
517
519
524
525
525
524
522
516
511
507
500
496
494
489
485
483
485
490
491
492
491
492
494
491
486
486
486
485
485
486
486
486
492
493
494
493
493
492
490
485
480
478
481
479
478
479
479
479
479
481
482
483
486
487
485
483
481
483
485
487
484
482
487
483
482
481
483
483
483
485
489
495
509
522
537
558
577
598
616
628
636
642
641
633
621
606
588
571
556
547
539
534
535
531
528
526
523
525
524
523
521
520
527
526
524
525
526
527
530
530
524
518
519
515
513
510
506
502
498
495
491
490
489
485
481
479
479
478
477
480
483
486
496
495
494
491
489
489
488
487
485
484
488
485
482
485
487
490
489
488
486
483
485
484
482
480
479
479
478
478
477
481
487
487
486
485
484
483
482
482
484
483
489
489
486
483
480
479
479
484
495
511
527
541
554
567
585
602
615
622
623
618
612
600
585
572
558
546
536
528
522
519
523
520
516
514
513
513
511
513
515
515
521
522
522
523
523
526
526
524
520
517
516
510
502
500
499
497
493
492
488
484
488
488
487
486
485
485
485
483
483
486
493
496
496
496
495
493
490
490
488
487
488
486
484
482
481
484
485
487
489
489
487
488
483
482
479
479
479
478
479
479
479
490
493
500
508
519
532
548
563
581
595
612
618
620
617
610
598
588
577
565
553
544
531
524
514
510
509
508
508
509
509
513
512
512
514
516
517
519
522
521
521
528
525
524
519
521
516
509
503
498
493
492
486
483
480
478
477
480
481
484
484
489
487
484
483
484
489
491
489
489
489
494
492
491
489
488
488
488
487
486
483
488
487
486
486
487
491
488
485
486
487
489
487
487
485
483
482
484
488
493
502
518
532
548
566
589
609
626
638
645
647
650
640
629
616
599
585
573
562
552
546
546
545
546
545
543
542
538
535
537
538
541
535
531
527
524
521
520
520
517
517
523
518
515
511
509
506
503
499
497
494
494
489
488
486
486
487
487
487
485
482
485
484
480
480
480
480
480
483
483
482
486
484
483
483
482
481
482
483
483
483
487
484
481
477
477
479
480
480
480
480
480
479
482
483
485
485
486
486
486
486
495
499
506
518
533
551
568
585
601
611
623
621
615
605
591
575
563
550
538
528
526
521
516
513
517
519
520
517
517
515
514
511
509
507
507
509
513
513
511
510
516
514
510
506
502
498
493
489
487
486
489
486
483
482
484
481
481
482
484
483
486
484
483
479
480
480
480
480
480
481
487
490
489
488
487
483
481
477
478
477
488
486
485
485
484
482
481
480
482
485
489
488
486
486
484
484
486
490
497
509
525
540
556
569
585
595
605
607
605
601
600
587
574
561
547
534
523
514
504
498
504
503
501
499
499
500
499
500
503
506
509
513
516
519
519
519
518
516
513
510
507
507
500
493
489
488
484
482
480
477
474
480
480
480
481
482
484
484
484
482
483
487
486
485
484
483
481
482
485
489
489
492
490
488
484
482
482
482
484
482
482
488
485
483
485
486
488
487
486
487
489
497
507
518
533
551
571
592
607
620
629
636
634
628
617
603
587
571
559
546
536
534
527
523
518
514
516
518
518
517
519
524
524
523
526
527
530
533
535
535
532
531
528
525
522
515
508
502
497
495
492
492
490
487
483
480
481
480
482
483
486
493
492
490
487
486
486
485
484
483
484
489
488
487
488
489
489
490
489
488
487
489
488
485
482
480
479
479
478
477
479
486
486
487
487
486
486
485
488
494
503
521
538
561
580
600
622
640
652
659
659
653
639
622
608
591
578
567
559
554
549
554
554
554
555
553
550
546
540
534
532
534
531
529
526
526
526
526
529
530
528
528
524
520
514
507
505
500
497
494
490
489
484
481
482
482
481
481
484
486
486
492
491
490
490
489
488
488
486
485
486
491
491
488
486
486
485
483
483
482
481
484
482
481
479
478
481
481
481
482
482
487
484
480
478
478
480
480
481
485
491
505
518
534
554
575
599
619
636
649
654
655
647
635
620
604
588
573
564
556
552
554
550
546
542
537
537
535
531
528
525
529
525
522
523
524
525
525
526
526
525
527
524
518
514
509
504
499
494
487
486
486
483
480
478
478
477
477
479
480
482
490
489
486
484
483
485
488
487
486
484
486
483
480
479
477
478
477
479
479
477
477
480
478
478
478
480
479
480
477
480
480
482
482
480
479
477
476
478
478
479
480
489
491
497
509
526
545
565
585
600
615
627
630
631
627
620
608
593
577
561
546
537
528
519
514
513
512
512
511
513
513
519
518
517
516
516
516
519
520
522
523
529
525
522
518
514
511
508
503
499
495
493
487
484
481
481
480
480
481
482
483
489
488
486
484
484
484
484
483
485
485
492
491
490
488
485
483
486
486
487
486
488
485
481
477
478
478
478
478
478
478
480
475
477
477
480
479
482
487
493
505
526
543
562
580
598
614
623
628
631
629
628
615
601
586
570
556
546
535
526
519
516
511
505
503
504
506
507
510
514
518
525
524
527
529
530
528
527
526
521
514
518
512
507
501
496
491
487
484
482
481
488
483
481
479
479
478
481
484
485
484
489
486
486
484
486
486
485
484
484
483
487
485
485
485
485
483
485
485
483
481
486
484
483
483
482
481
479
479
483
489
499
511
525
543
564
585
610
630
648
657
666
663
652
637
624
608
591
577
564
553
551
544
540
539
538
537
537
536
532
529
531
529
528
527
527
529
529
527
528
526
529
524
518
515
510
504
502
498
494
491
496
491
488
486
485
485
485
485
485
484
487
484
484
485
485
485
484
485
484
481
484
482
482
482
482
482
482
482
485
488
493
489
489
484
480
475
476
477
476
475
482
479
477
474
476
479
481
485
493
504
523
540
562
585
607
629
646
655
660
657
655
642
622
605
586
570
555
546
540
535
542
539
539
538
536
533
533
529
525
524
527
524
521
520
522
525
528
527
527
525
522
519
516
512
507
503
499
496
490
485
484
485
481
477
477
477
477
476
478
478
479
487
487
486
483
481
482
481
480
480
481
482
479
478
479
479
481
480
478
477
476
477
478
475
474
473
474
476
476
475
476
484
483
485
494
503
517
535
557
580
601
626
641
651
655
651
645
636
623
604
587
573
557
545
537
533
529
526
524
521
519
520
517
515
513
512
511
511
510
511
514
522
521
523
529
527
522
517
514
509
503
499
493
485
479
474
472
472
471
472
473
478
475
475
477
479
480
480
481
480
479
485
484
483
481
480
479
478
476
474
476
482
477
476
476
477
476
474
474
475
477
482
487
495
507
524
547
572
595
617
634
649
650
646
639
627
614
598
583
568
553
547
539
531
526
520
517
514
509
505
504
505
503
503
505
509
512
516
522
525
526
531
528
523
517
512
507
503
499
494
488
488
482
477
478
477
479
479
478
477
475
476
477
476
476
477
478
478
477
475
477
482
478
476
477
477
476
475
477
477
476
482
476
474
472
470
472
473
475
477
479
491
494
501
517
533
556
576
598
615
628
640
646
646
639
629
616
601
583
566
553
545
531
523
515
510
505
501
502
504
506
515
516
515
515
515
519
521
523
524
523
528
523
517
515
511
507
501
495
490
485
484
480
475
473
471
473
474
473
473
477
486
483
481
479
480
478
478
479
479
481
485
485
483
483
483
484
484
483
480
480
481
478
478
481
488
497
511
527
554
578
604
626
644
657
663
662
653
641
622
606
598
581
562
546
533
522
512
508
504
502
504
503
502
499
501
506
511
516
520
524
525
526
525
525
522
518
512
507
501
493
487
488
481
477
474
471
471
469
469
472
472
477
476
477
478
477
476
476
476
476
476
477
474
471
471
473
474
477
478
478
476
476
473
473
472
472
473
473
474
474
475
487
493
503
516
537
561
587
611
637
657
675
680
678
670
658
641
624
607
591
575
564
552
543
536
536
534
531
526
523
518
520
515
514
516
518
519
520
520
521
520
527
525
522
519
514
508
501
494
492
488
486
480
474
471
468
467
468
468
470
471
475
473
473
472
474
476
475
476
476
475
480
476
474
470
470
468
469
470
467
467
473
472
471
470
470
470
469
470
471
469
471
469
467
469
469
469
474
482
491
506
532
555
580
605
629
648
660
665
664
657
649
629
611
593
577
560
547
538
525
516
514
509
506
505
503
502
500
500
502
505
513
515
517
519
518
517
517
516
512
507
509
503
494
484
480
476
473
468
468
466
466
464
464
463
464
465
467
469
469
470
477
477
477
476
476
474
471
468
467
468
474
471
471
470
469
470
472
475
475
476
482
479
476
474
478
477
476
475
473
472
473
473
481
494
510
529
553
575
595
612
631
635
636
630
622
609
593
576
563
549
541
525
514
504
497
493
491
488
486
487
491
492
493
499
506
511
514
519
521
519
522
516
512
508
505
500
494
488
482
477
484
481
478
476
475
470
470
471
474
475
481
479
478
477
476
476
478
479
480
479
482
478
474
472
473
473
473
473
473
474
480
477
478
479
481
482
487
495
506
521
547
571
594
617
635
648
652
651
647
636
624
609
590
570
555
541
533
523
518
512
509
509
504
502
503
504
507
510
513
516
518
525
527
528
527
527
524
519
514
507
502
501
494
488
482
477
477
475
477
478
477
479
478
475
474
472
476
477
479
478
479
485
481
479
479
478
477
476
476
476
474
480
478
480
479
478
477
476
475
473
474
478
477
483
492
505
523
546
575
604
630
655
667
673
672
665
654
639
621
604
586
577
562
550
545
540
536
533
531
528
523
521
517
515
515
513
515
517
518
519
523
527
526
524
521
518
513
508
504
500
495
498
493
488
483
479
478
478
479
478
480
482
480
477
478
479
480
480
481
482
483
485
486
486
486
486
486
485
483
480
480
486
482
479
480
478
475
472
473
474
472
478
478
476
476
477
483
490
501
517
538
562
585
608
629
645
656
658
656
649
636
622
604
588
573
563
553
546
540
534
533
540
539
534
531
530
528
527
527
526
525
528
525
525
524
523
526
528
526
523
518
514
507
500
494
489
486
481
479
478
476
483
483
482
483
483
484
483
481
478
480
484
483
483
484
484
482
480
481
482
483
485
484
482
478
477
478
481
480
480
479
484
480
476
477
478
477
477
477
476
474
479
479
478
479
484
490
500
516
534
558
584
603
618
631
637
637
633
626
613
599
590
574
561
550
540
535
534
532
532
532
538
534
527
523
520
516
514
514
513
514
520
523
525
525
524
522
517
511
506
501
501
495
491
489
487
486
484
484
483
485
489
487
484
481
479
478
478
478
477
477
483
482
479
481
481
483
484
483
481
478
478
480
478
478
477
478
478
477
476
478
476
478
476
473
472
469
469
472
473
474
473
479
477
476
474
476
481
487
496
509
523
543
561
581
599
613
621
624
621
614
603
593
580
565
551
539
530
521
516
513
512
516
511
510
507
505
504
505
507
509
509
517
519
521
520
520
520
519
517
514
507
503
495
492
490
486
481
480
478
477
477
482
479
477
478
479
478
478
477
480
482
488
487
490
486
482
479
479
477
475
475
478
477
478
477
479
481
482
483
484
483
485
480
477
476
476
475
475
476
477
480
492
500
515
532
555
577
601
621
642
657
674
676
672
661
647
630
612
595
578
561
551
537
525
515
509
505
502
499
499
499
503
501
503
507
512
518
525
531
535
537
546
544
542
537
530
523
513
503
496
489
487
480
474
470
470
473
476
479
481
481
484
481
480
477
482
484
486
486
485
483
487
484
482
481
483
483
483
483
484
482
489
489
487
486
486
484
479
476
478
481
487
493
504
519
541
564
593
618
638
653
667
666
656
643
628
609
592
574
559
547
545
536
535
535
537
538
539
537
533
530
530
527
525
523
522
521
523
524
529
533
538
534
530
525
519
514
508
502
494
489
491
486
482
478
480
479
479
479
478
478
482
479
479
479
480
478
480
480
479
480
486
487
488
489
490
489
487
485
485
484
487
482
477
475
472
471
474
478
485
495
516
534
556
580
606
630
648
661
664
662
656
642
625
606
587
569
553
540
529
524
527
526
524
524
524
524
522
521
521
518
525
522
516
511
506
503
501
498
495
494
497
494
490
487
488
489
489
488
489
488
487
487
484
482
480
477
476
474
471
465
466
470
467
465
463
462
460
459
460
462
464
472
473
474
474
474
477
479
478
476
474
474
471
471
477
486
499
518
538
561
581
598
610
616
615
609
598
586
571
555
540
532
517
506
496
488
483
477
479
479
481
486
488
490
492
496
502
506
510
513
515
516
510
506
503
500
496
492
486
481
476
478
475
472
471
470
470
471
467
465
468
476
477
478
478
479
479
478
479
479
479
481
477
475
472
470
471
471
471
471
474
480
481
485
496
510
527
549
572
595
614
633
644
647
643
635
623
608
590
571
557
549
537
528
524
520
518
518
519
520
521
522
519
518
516
518
519
520
522
523
523
530
527
523
522
520
517
511
505
498
493
493
489
487
484
482
481
480
479
480
481
485
484
480
479
477
477
477
479
481
484
487
485
485
483
481
484
486
489
493
502
519
535
555
581
608
632
654
670
681
687
688
682
670
655
638
622
609
596
587
581
580
572
566
561
555
549
540
538
534
532
537
535
532
530
530
532
534
535
534
533
537
532
526
521
515
509
503
496
490
483
482
479
477
477
475
473
474
474
475
478
488
487
486
486
485
484
483
483
481
480
484
483
481
477
475
475
475
477
479
485
499
513
534
561
591
622
649
673
691
699
703
696
685
669
651
633
617
602
590
584
587
582
575
570
563
555
546
542
538
534
534
532
529
527
528
531
533
533
533
531
528
520
514
510
505
498
494
488
485
481
483
481
479
477
476
475
473
471
471
474
480
477
477
478
476
474
473
473
471
470
469
468
466
464
464
466
466
467
468
469
469
475
475
480
490
504
521
545
572
600
622
650
664
672
671
665
653
638
621
606
591
583
572
564
560
553
548
544
538
531
522
519
515
512
509
511
512
515
516
519
520
527
527
526
524
521
515
508
502
495
487
489
485
480
476
475
474
474
471
476
478
481
479
479
480
478
476
478
478
477
476
479
474
470
469
468
467
467
464
462
461
465
465
469
475
485
500
520
546
576
606
638
659
675
684
685
679
668
655
640
624
613
597
583
570
561
554
551
548
544
538
540
533
528
522
524
522
522
523
524
525
527
525
525
524
523
520
516
511
502
495
491
482
477
473
472
470
467
468
470
471
480
477
475
474
471
469
470
469
469
472
477
472
468
464
465
467
467
466
467
467
468
465
464
465
463
461
459
459
460
464
478
486
503
525
555
588
618
644
666
682
698
697
689
675
659
642
629
616
605
595
590
583
576
571
566
561
554
546
537
530
526
519
517
517
517
517
518
519
518
517
523
518
512
507
500
493
486
480
476
473
476
472
469
468
467
466
466
466
465
464
467
464
459
457
456
456
455
455
457
457
462
459
458
458
458
456
455
455
451
451
459
460
460
458
458
457
453
451
450
449
452
449
446
444
445
445
447
452
458
467
484
496
514
535
563
590
614
630
641
645
648
639
627
613
596
580
564
552
539
530
529
524
520
516
515
514
511
506
504
501
500
496
495
494
494
493
498
500
499
499
504
500
494
488
488
485
481
477
476
473
474
469
468
466
468
467
466
463
461
460
461
462
459
460
460
461
459
461
464
465
465
470
467
463
459
457
458
456
456
456
456
461
459
458
460
460
460
461
461
461
460
462
463
465
471
481
494
514
538
567
597
628
652
669
679
683
678
668
657
643
625
614
596
582
569
561
556
552
546
541
536
535
528
521
518
518
518
516
516
516
513
512
510
509
507
505
501
498
495
493
494
496
494
489
486
483
477
473
470
469
466
469
467
469
469
466
467
469
472
474
476
479
475
473
473
472
471
469
470
468
467
467
467
467
467
468
468
465
465
464
465
471
466
463
460
457
456
453
457
462
470
485
500
517
536
558
580
596
607
613
612
610
597
582
568
554
542
530
521
513
506
506
499
494
491
487
484
480
479
478
483
491
495
500
504
508
511
512
513
511
506
505
496
488
481
475
476
472
469
470
468
471
467
465
465
464
464
464
464
463
464
470
470
468
467
465
463
461
456
453
453
457
456
456
456
457
459
460
463
465
466
470
468
465
464
463
462
462
461
460
460
466
464
462
466
471
477
486
497
509
522
541
559
573
583
588
589
585
576
565
555
546
532
519
508
498
490
485
482
480
480
485
484
482
480
479
484
486
489
492
495
505
506
505
505
504
502
498
492
488
482
480
477
476
474
473
472
473
472
468
470
474
473
470
468
467
468
467
469
470
471
476
477
475
472
470
471
470
470
470
469
474
472
470
475
479
478
477
478
477
477
479
480
479
484
492
501
513
526
539
555
574
579
583
582
577
570
560
550
541
531
528
519
510
502
493
491
488
487
486
485
486
485
482
483
484
486
488
492
496
499
500
506
505
504
501
499
495
490
485
481
476
479
474
471
469
468
466
469
472
473
473
477
477
474
472
476
477
476
477
477
478
476
473
472
471
471
471
471
471
471
471
482
486
493
503
515
529
546
563
580
591
604
604
602
593
583
569
558
541
528
516
508
495
484
478
477
477
478
478
482
484
489
491
496
501
503
506
508
508
507
508
514
511
506
500
493
488
480
474
473
472
478
476
477
476
474
473
475
477
479
480
481
478
475
474
477
478
478
478
478
479
483
480
482
483
483
482
481
480
478
478
483
481
480
484
491
500
512
527
551
579
600
614
625
632
633
630
624
615
603
589
581
565
551
541
536
534
533
530
529
526
528
523
521
519
516
514
513
514
512
512
518
518
517
519
519
520
517
514
511
506
504
496
491
484
480
476
477
480
480
479
488
486
483
482
482
481
483
482
482
483
489
486
486
487
487
486
486
486
484
481
482
479
478
477
480
484
490
498
518
541
566
588
608
625
634
639
640
635
625
612
601
584
567
553
542
534
529
524
518
516
516
511
509
507
505
505
503
503
504
504
513
515
515
515
515
514
510
505
501
497
502
496
492
488
483
479
479
478
476
475
479
478
476
476
477
478
479
478
478
477
480
476
476
476
476
476
479
478
476
476
487
487
488
493
503
516
532
552
576
599
625
638
645
648
643
634
621
605
589
574
560
546
532
522
517
514
510
507
505
506
509
506
505
504
503
504
505
507
509
513
524
524
523
518
516
512
506
500
495
490
487
482
477
475
473
471
475
475
476
477
477
480
477
476
476
477
477
477
477
476
476
481
481
481
483
486
491
498
508
524
542
565
584
602
615
627
631
631
629
622
609
595
578
560
543
527
518
508
501
494
490
490
485
484
486
490
495
499
506
512
517
529
533
534
534
532
530
523
516
510
505
500
493
486
481
476
471
469
472
474
475
480
479
478
478
477
480
479
481
480
480
486
482
479
482
485
491
499
510
524
542
566
585
603
615
622
625
623
612
599
585
572
556
538
524
510
494
483
478
474
470
479
480
481
484
488
493
499
504
509
514
523
525
524
525
522
517
513
506
498
489
483
476
472
467
466
466
466
469
470
472
478
478
479
477
477
475
475
477
477
477
484
481
480
479
483
491
500
513
530
552
581
600
617
636
651
657
658
654
643
628
612
596
580
563
549
538
528
520
513
510
511
507
504
503
502
502
503
510
515
520
529
529
529
529
526
526
523
519
513
508
503
495
488
483
480
477
477
476
476
474
478
476
475
476
475
476
476
475
475
478
486
485
484
482
481
481
479
480
479
480
484
488
496
509
529
556
584
612
638
660
677
683
683
678
667
652
635
617
599
582
573
563
552
542
534
528
524
520
516
515
520
518
516
518
518
519
520
523
527
528
531
526
522
516
509
505
499
495
491
487
488
482
477
476
476
476
475
476
476
475
481
479
478
478
476
477
476
475
474
475
480
479
478
476
475
473
471
471
472
472
475
473
470
469
468
474
477
481
488
495
516
534
556
583
611
638
660
676
684
684
681
671
655
636
618
598
580
564
552
544
537
536
530
525
522
518
516
516
517
518
516
522
520
517
517
519
518
518
514
511
508
510
504
500
495
491
487
484
480
476
475
476
472
472
470
470
474
475
476
480
481
484
482
481
477
476
475
474
474
473
473
478
475
471
470
471
470
470
469
470
469
470
467
466
468
468
468
467
467
467
468
474
477
484
495
508
523
542
563
585
602
621
627
629
626
618
605
592
578
564
547
540
528
517
510
506
504
501
500
499
499
500
498
501
504
507
508
509
510
510
509
515
513
509
504
502
497
491
487
485
483
488
484
481
478
477
476
476
476
476
475
478
476
473
471
473
477
477
478
478
477
480
475
476
474
473
473
475
474
474
474
482
480
479
479
477
478
476
474
474
474
479
478
475
475
475
475
480
483
488
493
500
505
513
522
532
542
549
556
558
556
555
545
537
530
520
511
504
497
492
488
494
491
489
488
490
490
490
489
490
492
496
495
496
500
500
496
496
495
495
494
496
492
487
484
482
482
482
483
484
484
489
486
486
484
482
479
480
477
477
478
485
484
485
487
490
489
488
486
486
485
488
485
483
481
481
479
482
484
483
483
490
488
485
483
484
482
482
482
483
483
487
486
486
488
487
488
491
494
497
502
509
513
517
522
524
524
523
521
520
517
516
510
502
496
490
486
483
485
485
486
496
495
492
489
492
494
494
494
494
494
496
495
494
494
494
494
494
493
492
489
494
493
491
490
490
488
485
484
485
486
494
492
489
488
485
484
486
488
489
488
494
493
491
492
492
492
493
491
491
490
490
489
487
488
486
485
486
486
487
486
487
491
490
488
487
487
488
487
491
493
494
498
496
495
496
497
503
507
512
516
517
521
520
517
518
517
515
513
509
503
498
495
490
487
486
485
484
485
486
487
489
496
495
495
497
501
497
491
492
494
489
497
501
500
499
497
498
497
497
495
495
495
492
490
489
489
488
489
489
491
491
493
495
496
495
493
493
492
490
489
488
494
493
492
491
491
488
487
492
493
496
501
499
498
495
491
493
494
493
492
491
492
488
485
487
489
490
490
491
492
492
498
501
503
506
509
512
517
519
519
518
522
519
515
511
506
502
498
495
494
494
493
492
490
488
487
492
496
498
498
499
506
501
501
501
501
502
501
499
498
496
499
499
499
500
499
496
495
496
493
495
497
495
493
492
492
494
492
495
499
499
503
499
497
494
490
491
492
492
491
493
500
497
496
499
498
499
498
496
497
496
499
498
496
495
495
495
496
494
493
497
501
500
499
498
498
496
496
496
498
499
507
508
507
509
509
512
515
517
518
517
521
517
515
511
507
504
501
501
498
495
497
498
497
498
497
499
500
500
500
499
505
502
502
500
499
498
497
500
500
499
507
505
503
501
500
499
501
500
498
498
502
498
496
497
497
497
498
498
498
497
502
499
498
497
496
496
496
495
494
496
503
504
502
499
498
493
490
491
492
492
498
498
497
498
495
498
499
500
499
499
500
497
495
496
496
497
498
497
499
500
506
509
514
516
515
517
517
515
516
515
521
519
517
513
509
504
500
500
501
501
501
499
497
494
493
495
498
501
502
503
503
505
503
505
508
509
509
508
507
504
502
507
504
501
498
497
496
495
491
493
492
498
498
501
502
500
501
502
503
502
501
503
499
499
499
500
499
500
498
496
497
500
497
498
498
498
497
497
498
498
497
506
508
508
506
505
504
503
502
500
501
504
506
510
513
518
520
526
530
532
536
537
532
525
520
515
512
509
506
505
504
506
503
505
505
506
504
504
503
504
504
510
509
508
508
510
511
511
509
511
511
513
508
505
505
505
502
502
503
504
502
507
505
502
501
502
503
503
505
506
504
508
505
505
505
505
505
503
502
500
497
501
503
503
504
503
504
503
502
503
502
506
503
501
501
500
500
502
504
505
505
513
512
508
506
508
510
512
515
520
525
534
537
545
552
557
559
559
556
553
547
545
537
529
524
521
518
514
511
514
516
523
522
520
518
517
516
516
517
519
519
526
526
525
526
528
530
530
530
528
525
521
517
516
515
513
512
509
508
505
505
510
510
509
508
506
506
506
505
507
509
517
514
512
512
511
509
510
509
508
506
512
510
505
503
503
504
505
504
505
504
506
504
505
506
507
507
508
506
506
505
515
517
520
524
532
541
551
561
573
583
595
596
595
591
583
575
567
560
551
545
544
539
536
535
538
541
542
542
544
544
548
544
544
545
545
546
545
546
545
543
553
553
551
547
543
538
532
527
523
518
517
514
510
509
508
507
511
514
516
518
520
518
513
510
509
510
509
509
509
509
514
512
510
508
506
506
504
503
501
499
503
502
502
503
505
506
503
502
504
506
507
506
503
499
495
494
496
502
509
519
532
549
563
576
589
601
607
611
611
606
598
597
587
575
568
557
550
543
538
533
532
535
535
533
533
533
535
535
537
541
543
545
544
543
541
540
539
540
538
534
532
533
525
518
513
511
507
506
506
503
501
505
508
510
510
510
510
509
509
509
510
511
509
507
505
504
502
499
502
501
502
506
503
501
499
499
501
501
501
501
503
508
505
502
503
505
505
504
504
506
511
521
532
545
562
579
597
613
624
630
638
642
636
630
619
607
595
585
577
571
564
566
560
554
551
547
549
549
549
549
551
556
555
556
558
559
559
558
557
555
552
549
543
540
532
530
524
519
514
511
513
517
515
513
512
510
507
506
508
509
510
515
515
514
513
512
512
511
509
509
507
508
505
502
501
501
500
502
503
504
501
503
501
498
497
497
497
496
494
492
496
508
514
524
539
558
578
601
624
644
659
675
677
676
668
658
646
632
618
603
591
583
574
567
565
564
563
563
563
562
561
563
563
564
564
563
563
563
561
558
555
560
557
553
548
542
536
530
526
523
519
518
513
509
505
502
502
502
504
505
505
506
503
500
501
503
505
503
502
500
497
504
501
499
499
499
498
497
498
497
498
500
498
495
493
493
491
488
488
490
488
490
489
487
485
486
491
497
508
522
542
572
594
615
637
655
668
675
675
670
658
648
631
615
600
586
575
567
561
557
556
558
556
553
550
548
545
544
545
545
548
554
554
554
550
546
545
544
540
537
535
538
531
525
522
517
514
509
505
501
497
498
497
493
490
489
489
489
490
490
492
493
501
499
498
498
496
494
494
492
491
489
494
492
489
487
486
486
487
486
485
482
483
481
482
483
481
480
480
479
477
477
482
483
487
493
502
517
536
558
583
606
632
647
657
660
657
649
638
624
606
589
579
564
552
542
537
535
532
530
528
525
524
520
520
521
525
527
530
530
531
533
538
537
535
531
527
522
516
511
505
503
505
501
495
491
486
482
481
479
479
480
482
481
479
480
481
484
485
486
488
487
490
485
483
481
480
479
478
474
472
470
480
481
481
479
477
477
474
472
472
473
478
478
478
476
477
477
480
480
482
485
492
497
506
519
539
561
585
606
623
636
650
648
644
636
625
611
595
579
564
549
543
534
527
523
520
516
514
511
513
515
519
518
518
520
521
523
526
528
530
530
531
527
520
514
511
507
503
497
493
489
495
491
490
486
482
481
482
480
480
480
486
488
488
486
486
487
487
487
490
489
491
485
483
481
482
482
